  0.885613032901059      -0.150219637384238      -0.116662079300896     
  1.949638673429312E-004 -0.280588096598950       5.625038839421314E-003
 -1.517961230627361E-005  1.430119542902441E-002  8.923115274808040E-003
  6.619071114699678E-003 -2.033379017123125E-005  1.788910326176158E-002
 -5.069811181105733E-004  1.812523564254047E-006 -1.543545033130169E-003
   1.04995632404300       1.273609290546274E-003  0.201507548796677     
 -0.102091287298025      -6.931880839112172E-005 -1.340142836743414E-002
   1.08439703267574       9.714086984744488E-004 -6.896507960292363E-005
 -0.104618906031483      -5.645294265012760E-005   1.22631381482831     
 -1.333461368960534E-002 -5.679314237982722E-005 -0.122906255162558     
  2.882207940393549E-003  4.667775575785196E-006  9.981217281287665E-004
  2.934072575446712E-003  4.041754194251127E-006  3.618128611020283E-003
  0.000000000000000E+000  0.000000000000000E+000  0.000000000000000E+000
  0.000000000000000E+000  0.000000000000000E+000  0.000000000000000E+000
  0.000000000000000E+000  0.000000000000000E+000  0.000000000000000E+000
  0.000000000000000E+000  0.000000000000000E+000  0.000000000000000E+000
  0.000000000000000E+000  0.000000000000000E+000  0.000000000000000E+000
  0.000000000000000E+000  0.000000000000000E+000  0.000000000000000E+000
  0.000000000000000E+000  0.000000000000000E+000  0.000000000000000E+000
  0.000000000000000E+000  0.000000000000000E+000  0.000000000000000E+000
  0.000000000000000E+000  0.000000000000000E+000  0.000000000000000E+000
  0.000000000000000E+000  0.000000000000000E+000  0.000000000000000E+000
  0.000000000000000E+000  0.000000000000000E+000  0.000000000000000E+000
  0.000000000000000E+000  0.000000000000000E+000  0.000000000000000E+000
  0.000000000000000E+000  0.000000000000000E+000  0.000000000000000E+000
  0.000000000000000E+000  0.000000000000000E+000  0.000000000000000E+000
  0.000000000000000E+000  0.000000000000000E+000  0.000000000000000E+000
  0.000000000000000E+000  0.000000000000000E+000  0.000000000000000E+000
  0.000000000000000E+000  0.000000000000000E+000  0.000000000000000E+000
  0.000000000000000E+000  0.000000000000000E+000  0.000000000000000E+000
  0.000000000000000E+000  0.000000000000000E+000  0.000000000000000E+000
  0.000000000000000E+000  0.000000000000000E+000  0.000000000000000E+000
  0.000000000000000E+000  0.000000000000000E+000  0.000000000000000E+000
  0.000000000000000E+000  0.000000000000000E+000  0.000000000000000E+000
  0.000000000000000E+000  0.000000000000000E+000  0.000000000000000E+000
  0.000000000000000E+000  0.000000000000000E+000  0.000000000000000E+000
  0.000000000000000E+000  0.000000000000000E+000  0.000000000000000E+000
  0.000000000000000E+000  0.000000000000000E+000  0.000000000000000E+000
  0.000000000000000E+000  0.000000000000000E+000  0.000000000000000E+000
  0.000000000000000E+000  0.000000000000000E+000  0.000000000000000E+000
  0.000000000000000E+000  0.000000000000000E+000  0.000000000000000E+000
  0.000000000000000E+000  0.000000000000000E+000  0.000000000000000E+000
  0.000000000000000E+000  0.000000000000000E+000  0.000000000000000E+000
  0.000000000000000E+000  0.000000000000000E+000  0.000000000000000E+000
  0.000000000000000E+000  0.000000000000000E+000  0.000000000000000E+000
  0.000000000000000E+000  0.000000000000000E+000  0.000000000000000E+000
  0.000000000000000E+000  0.000000000000000E+000  0.000000000000000E+000
  0.000000000000000E+000  0.000000000000000E+000  0.000000000000000E+000
  0.000000000000000E+000  0.000000000000000E+000  0.000000000000000E+000
  0.000000000000000E+000  0.000000000000000E+000  0.000000000000000E+000
  0.000000000000000E+000  0.000000000000000E+000  0.000000000000000E+000
  0.000000000000000E+000  0.000000000000000E+000  0.000000000000000E+000
  0.000000000000000E+000  0.000000000000000E+000  0.000000000000000E+000
  0.000000000000000E+000  0.000000000000000E+000  0.000000000000000E+000
  0.000000000000000E+000  0.000000000000000E+000  0.000000000000000E+000
  0.000000000000000E+000  0.000000000000000E+000  0.000000000000000E+000
  0.000000000000000E+000  0.000000000000000E+000  0.000000000000000E+000
  0.970715501404272      -0.163478169711004       3.935457401059176E-002
 -1.366195586779933E-004  4.918215391906577E-002 -8.678622833700788E-005
  1.347078130924802E-005 -6.496465400152370E-004  1.019825874555611E-002
  3.328315647278942E-003  4.330320404821140E-005  1.629429825479974E-003
 -4.424731384617036E-004 -3.334903339117785E-006 -1.085020956068847E-004
   1.30662300882902      -3.315603145496969E-004 -0.367333925547042     
 -0.131845949503769       2.209413830175630E-005  2.250259003821014E-002
   1.23756480124311       1.580489679774718E-004  2.187358457330029E-005
 -0.122968962673634       2.666330960929789E-006   1.29638415238345     
  2.234213238125424E-002  2.608137257029431E-006 -0.124518085115952     
  3.953051622060757E-003 -1.626889551443605E-006 -1.661879764881401E-003
  3.588844603325276E-003 -5.392081153454672E-007  3.586591412965090E-003
  0.000000000000000E+000  0.000000000000000E+000  0.000000000000000E+000
  0.000000000000000E+000  0.000000000000000E+000  0.000000000000000E+000
  0.000000000000000E+000  0.000000000000000E+000  0.000000000000000E+000
  0.000000000000000E+000  0.000000000000000E+000  0.000000000000000E+000
  0.000000000000000E+000  0.000000000000000E+000  0.000000000000000E+000
  0.000000000000000E+000  0.000000000000000E+000  0.000000000000000E+000
  0.000000000000000E+000  0.000000000000000E+000  0.000000000000000E+000
  0.000000000000000E+000  0.000000000000000E+000  0.000000000000000E+000
  0.000000000000000E+000  0.000000000000000E+000  0.000000000000000E+000
  0.000000000000000E+000  0.000000000000000E+000  0.000000000000000E+000
  0.000000000000000E+000  0.000000000000000E+000  0.000000000000000E+000
  0.000000000000000E+000  0.000000000000000E+000  0.000000000000000E+000
  0.000000000000000E+000  0.000000000000000E+000  0.000000000000000E+000
  0.000000000000000E+000  0.000000000000000E+000  0.000000000000000E+000
  0.000000000000000E+000  0.000000000000000E+000  0.000000000000000E+000
  0.000000000000000E+000  0.000000000000000E+000  0.000000000000000E+000
  0.000000000000000E+000  0.000000000000000E+000  0.000000000000000E+000
  0.000000000000000E+000  0.000000000000000E+000  0.000000000000000E+000
  0.000000000000000E+000  0.000000000000000E+000  0.000000000000000E+000
  0.000000000000000E+000  0.000000000000000E+000  0.000000000000000E+000
  0.000000000000000E+000  0.000000000000000E+000  0.000000000000000E+000
  0.000000000000000E+000  0.000000000000000E+000  0.000000000000000E+000
  0.000000000000000E+000  0.000000000000000E+000  0.000000000000000E+000
  0.000000000000000E+000  0.000000000000000E+000  0.000000000000000E+000
  0.000000000000000E+000  0.000000000000000E+000  0.000000000000000E+000
  0.000000000000000E+000  0.000000000000000E+000  0.000000000000000E+000
  0.000000000000000E+000  0.000000000000000E+000  0.000000000000000E+000
  0.000000000000000E+000  0.000000000000000E+000  0.000000000000000E+000
  0.000000000000000E+000  0.000000000000000E+000  0.000000000000000E+000
  0.000000000000000E+000  0.000000000000000E+000  0.000000000000000E+000
  0.000000000000000E+000  0.000000000000000E+000  0.000000000000000E+000
  0.000000000000000E+000  0.000000000000000E+000  0.000000000000000E+000
  0.000000000000000E+000  0.000000000000000E+000  0.000000000000000E+000
  0.000000000000000E+000  0.000000000000000E+000  0.000000000000000E+000
  0.000000000000000E+000  0.000000000000000E+000  0.000000000000000E+000
  0.000000000000000E+000  0.000000000000000E+000  0.000000000000000E+000
  0.000000000000000E+000  0.000000000000000E+000  0.000000000000000E+000
  0.000000000000000E+000  0.000000000000000E+000  0.000000000000000E+000
  0.000000000000000E+000  0.000000000000000E+000  0.000000000000000E+000
  0.000000000000000E+000  0.000000000000000E+000  0.000000000000000E+000
  0.000000000000000E+000  0.000000000000000E+000  0.000000000000000E+000
  0.000000000000000E+000  0.000000000000000E+000  0.000000000000000E+000
  0.000000000000000E+000  0.000000000000000E+000  0.000000000000000E+000
  0.000000000000000E+000  0.000000000000000E+000  0.000000000000000E+000
  0.000000000000000E+000  0.000000000000000E+000  0.000000000000000E+000
   1.99592429660702       7.957216491475209E-002 -1.623275956056331E-003
 -2.797525979632204E-006 -9.116892689186295E-005  4.807722668451350E-003
  2.934287152299388E-006 -1.303657141212578E-003 -4.487885047627697E-003
  1.628623174471083E-004  5.207903997838350E-002  0.105178268239282     
 -2.471073267984825E-004  1.133726260480855E-002 -3.751008760991974E-004
 -0.119963498604787      -0.225137821428875       5.200333400577442E-004
  0.955280250875576       2.169878933004377E-002  3.102949151766551E-005
 -3.722560382990547E-003  0.131416376634867       5.421567668872724E-005
 -9.689554587723165E-002  9.471649811677177E-002  1.508647920983629E-003
  0.468370803063481       0.436393863358165      -8.609871677393945E-004
 -0.345154484775102      -2.901385038167608E-003 -0.840617395228151     
 -0.604125770898137       9.214287520566472E-004   1.99815260460771     
  2.069114477003675E-006  6.734882954538965E-004  4.995882652749213E-002
 -2.952316922874013E-005 -7.015312434062681E-003 -5.207309873497595E-002
 -9.032113403778336E-005 -5.611603215009120E-003  5.380854447320839E-003
 -1.205333864633124E-006  9.189678447688626E-002  1.538390445808520E-004
  1.213576177472199E-002 -6.399825923553978E-003  1.720315670091030E-006
   1.99911476889321      -3.950058331953433E-006 -3.097698287307672E-005
  4.071933873961648E-002  2.329181331528101E-005  5.274499922415133E-005
 -5.387833750185103E-002 -2.086016513341411E-006 -1.268246229896394E-004
 -1.763309555272626E-002 -6.934886427058988E-005  8.326603368250957E-002
  2.014259728334683E-006  1.459496152687599E-004  2.297207872240081E-002
   1.99748961753656      -7.100751707977175E-003  2.335322093949115E-005
  6.288222790687246E-002  7.838932899828874E-003 -1.053811208973185E-005
 -6.698542863769760E-002 -2.711419215460913E-003 -5.592530756234294E-005
 -1.050275112369443E-002  1.752426348411662E-005  9.529229571385933E-002
 -1.058054470802037E-002  1.514600499425448E-004  0.207648199422543     
 -2.969672275736999E-004 -7.410997033785378E-002  6.737948672153005E-002
  1.449595225226131E-004  0.125449839490746       0.120186974238747     
 -1.214644568792921E-004 -0.106615556489758      -2.283062923445608E-004
 -0.204452994934963      -0.195800658468744       2.498712153894969E-004
  0.208747879376214       8.758325327446790E-005  2.749452199280050E-004
 -0.197199010706982      -1.769643274952386E-004 -1.379027827338291E-003
 -0.134927821354939      -7.209966766213428E-005  0.199644368288265     
  4.192973117892689E-004  1.511990555094066E-003  0.151956423411656     
  0.262822308318037      -1.042841240186219E-002 -1.974130049557264E-004
 -0.492616975873528      -0.373657772539836       1.110069940091613E-003
  0.108288526957770       4.953897404418038E-004  0.633131314620682     
  0.467307877970450      -1.172145382693572E-003   2.09158368131195     
 -4.145460321129280E-003  0.814555849448136       0.721088264811549     
 -3.105452298516040E-003  -2.38443952761177       1.168111844136238E-002
  7.735008960447229E-002  -1.57333497759912       7.068408781310261E-003
   3.23028928517161      -4.641736562026966E-003  5.490897499417511E-003
  0.566333442400407       1.230834380515555E-002  -7.08512938781424     
  9.196281686884335E-003 -1.097388232041565E-002  -1.00629961498099     
   2.26018386921077        1.88333762452277      -6.819167032111478E-003
 -5.782055741958281E-002  8.318316051991360E-003  -4.30959137779987     
  -2.57680433496671       1.003809990293247E-002   3.41509312579398     
 -7.017621604710736E-003  -2.27093788815781      -1.347564908593750E-002
  -2.97579022137784       -6.73461472077476       9.879672014639376E-003
   2.08402426616986       9.863209232627707E-003  -1.16425748052236     
  1.153074068614293E-002  1.033246900338804E-002  -2.57837912284895     
   2.20717431258307      -7.866953496800931E-003   1.18910301591107     
   1.64877599779206      -6.220919253970924E-003   4.17726127846616     
 -6.882519196730949E-003  1.120533370320361E-002  0.639619319747894     
   2.70344441700431        3.07321965515592      -1.046481405884371E-002
   3.90648564344936      -7.736739533432842E-003   2.22912415962574     
   2.05066091424336      -0.311719271001979       5.360564722785244E-002
  5.142940292110653E-004  0.212001001265823      -8.963468817946439E-002
 -7.989052329656836E-004 -0.336578011772798       2.474700265860341E-002
 -4.397677181736429E-002 -3.626857398116633E-004 -0.158125293415254     
  2.083253841370296E-002  2.269058448722753E-004  0.103970800637969     
   2.60125299856235      -2.209930265442458E-004 -0.304072448013212     
  -1.90414670344535       2.088443723728198E-004  0.277250238492910     
   2.46834953217581       9.309992980217749E-004  2.138572008865610E-004
  -1.67119315086235      -1.077641453473859E-003   2.82392155665168     
  0.278519659659754      -1.073724642927148E-003  -2.45328490625218     
  0.382763349750698      -1.671955230939225E-004 -0.184400462030021     
  0.333803227652962       7.055512144446072E-004  0.583988414229419     
  0.000000000000000E+000  0.000000000000000E+000  0.000000000000000E+000
  0.000000000000000E+000  0.000000000000000E+000  0.000000000000000E+000
  0.000000000000000E+000  0.000000000000000E+000  0.000000000000000E+000
  0.000000000000000E+000  0.000000000000000E+000  0.000000000000000E+000
  0.000000000000000E+000  0.000000000000000E+000  0.000000000000000E+000
  0.000000000000000E+000  0.000000000000000E+000  0.000000000000000E+000
  0.000000000000000E+000  0.000000000000000E+000  0.000000000000000E+000
  0.000000000000000E+000  0.000000000000000E+000  0.000000000000000E+000
  0.000000000000000E+000  0.000000000000000E+000  0.000000000000000E+000
  0.000000000000000E+000  0.000000000000000E+000  0.000000000000000E+000
  0.000000000000000E+000  0.000000000000000E+000  0.000000000000000E+000
  0.000000000000000E+000  0.000000000000000E+000  0.000000000000000E+000
  0.000000000000000E+000  0.000000000000000E+000  0.000000000000000E+000
  0.000000000000000E+000  0.000000000000000E+000  0.000000000000000E+000
  0.000000000000000E+000  0.000000000000000E+000  0.000000000000000E+000
  0.000000000000000E+000  0.000000000000000E+000  0.000000000000000E+000
  0.000000000000000E+000  0.000000000000000E+000  0.000000000000000E+000
  0.000000000000000E+000  0.000000000000000E+000  0.000000000000000E+000
  0.000000000000000E+000  0.000000000000000E+000  0.000000000000000E+000
  0.000000000000000E+000  0.000000000000000E+000  0.000000000000000E+000
  0.000000000000000E+000  0.000000000000000E+000  0.000000000000000E+000
  0.000000000000000E+000  0.000000000000000E+000  0.000000000000000E+000
  0.000000000000000E+000  0.000000000000000E+000  0.000000000000000E+000
  0.000000000000000E+000  0.000000000000000E+000  0.000000000000000E+000
  0.000000000000000E+000  0.000000000000000E+000  0.000000000000000E+000
  0.000000000000000E+000  0.000000000000000E+000  0.000000000000000E+000
  0.000000000000000E+000  0.000000000000000E+000  0.000000000000000E+000
  0.000000000000000E+000  0.000000000000000E+000  0.000000000000000E+000
  0.000000000000000E+000  0.000000000000000E+000  0.000000000000000E+000
  0.000000000000000E+000  0.000000000000000E+000  0.000000000000000E+000
  0.000000000000000E+000  0.000000000000000E+000  0.000000000000000E+000
  0.000000000000000E+000  0.000000000000000E+000  0.000000000000000E+000
  0.000000000000000E+000  0.000000000000000E+000  0.000000000000000E+000
  0.000000000000000E+000  0.000000000000000E+000  0.000000000000000E+000
  0.000000000000000E+000  0.000000000000000E+000  0.000000000000000E+000
  0.000000000000000E+000  0.000000000000000E+000  0.000000000000000E+000
  0.000000000000000E+000  0.000000000000000E+000  0.000000000000000E+000
  0.000000000000000E+000  0.000000000000000E+000  0.000000000000000E+000
  0.000000000000000E+000  0.000000000000000E+000  0.000000000000000E+000
  0.000000000000000E+000  0.000000000000000E+000  0.000000000000000E+000
  0.000000000000000E+000  0.000000000000000E+000  0.000000000000000E+000
  0.000000000000000E+000  0.000000000000000E+000  0.000000000000000E+000
  0.000000000000000E+000  0.000000000000000E+000  0.000000000000000E+000
  0.000000000000000E+000  0.000000000000000E+000  0.000000000000000E+000
  0.000000000000000E+000  0.000000000000000E+000  0.000000000000000E+000
   2.04546167715103      -0.350986199635346      -1.106024400487087E-002
 -1.803317670829409E-004 -9.330494171897577E-002  1.385949916272840E-002
  3.250227234004984E-004  0.174533684081001       2.630828621839213E-002
  1.539637953513154E-003  1.776726522602189E-004  0.101412519385632     
  3.246552776490807E-003 -1.175686243312486E-004 -7.019663575465476E-002
   2.81598161377541      -4.586225328404372E-005  7.762338046870255E-002
  -2.26865661003113      -1.447667346516105E-005 -4.249566068675849E-002
   2.84928678068326      -4.872220991490876E-004 -1.561976458297487E-005
  -2.28034587809398       9.580352596696504E-005   2.69173145265291     
 -4.256288132379409E-002  9.560829405970373E-005  -2.20395978004036     
  0.485233238986146       7.431900115847706E-006  2.085304599892149E-002
  0.490564330683012      -1.814791666494652E-005  0.480392347256835     
  0.000000000000000E+000  0.000000000000000E+000  0.000000000000000E+000
  0.000000000000000E+000  0.000000000000000E+000  0.000000000000000E+000
  0.000000000000000E+000  0.000000000000000E+000  0.000000000000000E+000
  0.000000000000000E+000  0.000000000000000E+000  0.000000000000000E+000
  0.000000000000000E+000  0.000000000000000E+000  0.000000000000000E+000
  0.000000000000000E+000  0.000000000000000E+000  0.000000000000000E+000
  0.000000000000000E+000  0.000000000000000E+000  0.000000000000000E+000
  0.000000000000000E+000  0.000000000000000E+000  0.000000000000000E+000
  0.000000000000000E+000  0.000000000000000E+000  0.000000000000000E+000
  0.000000000000000E+000  0.000000000000000E+000  0.000000000000000E+000
  0.000000000000000E+000  0.000000000000000E+000  0.000000000000000E+000
  0.000000000000000E+000  0.000000000000000E+000  0.000000000000000E+000
  0.000000000000000E+000  0.000000000000000E+000  0.000000000000000E+000
  0.000000000000000E+000  0.000000000000000E+000  0.000000000000000E+000
  0.000000000000000E+000  0.000000000000000E+000  0.000000000000000E+000
  0.000000000000000E+000  0.000000000000000E+000  0.000000000000000E+000
  0.000000000000000E+000  0.000000000000000E+000  0.000000000000000E+000
  0.000000000000000E+000  0.000000000000000E+000  0.000000000000000E+000
  0.000000000000000E+000  0.000000000000000E+000  0.000000000000000E+000
  0.000000000000000E+000  0.000000000000000E+000  0.000000000000000E+000
  0.000000000000000E+000  0.000000000000000E+000  0.000000000000000E+000
  0.000000000000000E+000  0.000000000000000E+000  0.000000000000000E+000
  0.000000000000000E+000  0.000000000000000E+000  0.000000000000000E+000
  0.000000000000000E+000  0.000000000000000E+000  0.000000000000000E+000
  0.000000000000000E+000  0.000000000000000E+000  0.000000000000000E+000
  0.000000000000000E+000  0.000000000000000E+000  0.000000000000000E+000
  0.000000000000000E+000  0.000000000000000E+000  0.000000000000000E+000
  0.000000000000000E+000  0.000000000000000E+000  0.000000000000000E+000
  0.000000000000000E+000  0.000000000000000E+000  0.000000000000000E+000
  0.000000000000000E+000  0.000000000000000E+000  0.000000000000000E+000
  0.000000000000000E+000  0.000000000000000E+000  0.000000000000000E+000
  0.000000000000000E+000  0.000000000000000E+000  0.000000000000000E+000
  0.000000000000000E+000  0.000000000000000E+000  0.000000000000000E+000
  0.000000000000000E+000  0.000000000000000E+000  0.000000000000000E+000
  0.000000000000000E+000  0.000000000000000E+000  0.000000000000000E+000
  0.000000000000000E+000  0.000000000000000E+000  0.000000000000000E+000
  0.000000000000000E+000  0.000000000000000E+000  0.000000000000000E+000
  0.000000000000000E+000  0.000000000000000E+000  0.000000000000000E+000
  0.000000000000000E+000  0.000000000000000E+000  0.000000000000000E+000
  0.000000000000000E+000  0.000000000000000E+000  0.000000000000000E+000
  0.000000000000000E+000  0.000000000000000E+000  0.000000000000000E+000
  0.000000000000000E+000  0.000000000000000E+000  0.000000000000000E+000
  0.000000000000000E+000  0.000000000000000E+000  0.000000000000000E+000
  0.000000000000000E+000  0.000000000000000E+000  0.000000000000000E+000
  0.000000000000000E+000  0.000000000000000E+000  0.000000000000000E+000
   2.05208206122204      -0.337042028924585      -0.112983770388939     
 -2.008669042155599E-004 -6.861128048384865E-002  0.244845703364222     
  4.678045928549646E-004  0.140170673920690       2.652492928653084E-002
  0.151222175032049       2.941210544400778E-004  7.875274282172331E-002
 -8.991233396549682E-002 -1.559140930959514E-004 -4.167008360481532E-002
   2.65929836631624      -3.626997100857100E-004 -9.279580720596109E-002
  -2.06208596611924       3.731884639255254E-004 -1.403944569064116E-003
   2.68140853778390       5.110859512844805E-004  3.789051450426588E-004
  -2.24911018270430       5.242219448891553E-005   2.85568648199466     
 -1.143655866927531E-003  4.554042876449266E-005  -2.21191087044375     
  0.448785580012048      -2.281650432334614E-004  9.869491335699726E-003
  0.509329993405758      -8.736367312634413E-005  0.481426855780247     
  0.000000000000000E+000  0.000000000000000E+000  0.000000000000000E+000
  0.000000000000000E+000  0.000000000000000E+000  0.000000000000000E+000
  0.000000000000000E+000  0.000000000000000E+000  0.000000000000000E+000
  0.000000000000000E+000  0.000000000000000E+000  0.000000000000000E+000
  0.000000000000000E+000  0.000000000000000E+000  0.000000000000000E+000
  0.000000000000000E+000  0.000000000000000E+000  0.000000000000000E+000
  0.000000000000000E+000  0.000000000000000E+000  0.000000000000000E+000
  0.000000000000000E+000  0.000000000000000E+000  0.000000000000000E+000
  0.000000000000000E+000  0.000000000000000E+000  0.000000000000000E+000
  0.000000000000000E+000  0.000000000000000E+000  0.000000000000000E+000
  0.000000000000000E+000  0.000000000000000E+000  0.000000000000000E+000
  0.000000000000000E+000  0.000000000000000E+000  0.000000000000000E+000
  0.000000000000000E+000  0.000000000000000E+000  0.000000000000000E+000
  0.000000000000000E+000  0.000000000000000E+000  0.000000000000000E+000
  0.000000000000000E+000  0.000000000000000E+000  0.000000000000000E+000
  0.000000000000000E+000  0.000000000000000E+000  0.000000000000000E+000
  0.000000000000000E+000  0.000000000000000E+000  0.000000000000000E+000
  0.000000000000000E+000  0.000000000000000E+000  0.000000000000000E+000
  0.000000000000000E+000  0.000000000000000E+000  0.000000000000000E+000
  0.000000000000000E+000  0.000000000000000E+000  0.000000000000000E+000
  0.000000000000000E+000  0.000000000000000E+000  0.000000000000000E+000
  0.000000000000000E+000  0.000000000000000E+000  0.000000000000000E+000
  0.000000000000000E+000  0.000000000000000E+000  0.000000000000000E+000
  0.000000000000000E+000  0.000000000000000E+000  0.000000000000000E+000
  0.000000000000000E+000  0.000000000000000E+000  0.000000000000000E+000
  0.000000000000000E+000  0.000000000000000E+000  0.000000000000000E+000
  0.000000000000000E+000  0.000000000000000E+000  0.000000000000000E+000
  0.000000000000000E+000  0.000000000000000E+000  0.000000000000000E+000
  0.000000000000000E+000  0.000000000000000E+000  0.000000000000000E+000
  0.000000000000000E+000  0.000000000000000E+000  0.000000000000000E+000
  0.000000000000000E+000  0.000000000000000E+000  0.000000000000000E+000
  0.000000000000000E+000  0.000000000000000E+000  0.000000000000000E+000
  0.000000000000000E+000  0.000000000000000E+000  0.000000000000000E+000
  0.000000000000000E+000  0.000000000000000E+000  0.000000000000000E+000
  0.000000000000000E+000  0.000000000000000E+000  0.000000000000000E+000
  0.000000000000000E+000  0.000000000000000E+000  0.000000000000000E+000
  0.000000000000000E+000  0.000000000000000E+000  0.000000000000000E+000
  0.000000000000000E+000  0.000000000000000E+000  0.000000000000000E+000
  0.000000000000000E+000  0.000000000000000E+000  0.000000000000000E+000
  0.000000000000000E+000  0.000000000000000E+000  0.000000000000000E+000
  0.000000000000000E+000  0.000000000000000E+000  0.000000000000000E+000
  0.000000000000000E+000  0.000000000000000E+000  0.000000000000000E+000
  0.000000000000000E+000  0.000000000000000E+000  0.000000000000000E+000
  0.000000000000000E+000  0.000000000000000E+000  0.000000000000000E+000
  0.000000000000000E+000  0.000000000000000E+000  0.000000000000000E+000
   2.03721101350503      -0.329098033709378       6.303404678956682E-003
 -1.552196275418295E-004  9.091542474826879E-002 -5.265444390818780E-002
  9.220318968920583E-005 -0.152317070667528       2.471154864438714E-002
 -4.843717247435454E-002 -4.502729291267936E-005 -7.377364948730911E-002
  2.939208046663207E-002  2.169733039854059E-005  4.607271546459682E-002
   2.72974997484235       4.667186556825452E-005  3.154535634211392E-002
  -2.19707223720322       1.582246832253284E-004 -3.847874395322342E-002
   2.74248360489089      -3.812225287113224E-004  1.607953894287481E-004
  -2.30021272268224       8.126425542920328E-004   2.58462942885015     
 -3.849828613902228E-002  8.122568450355892E-004  -1.78113971935644     
  0.480015485950213      -1.050099449927986E-004  3.826711224712640E-002
  0.520987589870700      -5.453670573881961E-004  0.343873456754914     
  0.000000000000000E+000  0.000000000000000E+000  0.000000000000000E+000
  0.000000000000000E+000  0.000000000000000E+000  0.000000000000000E+000
  0.000000000000000E+000  0.000000000000000E+000  0.000000000000000E+000
  0.000000000000000E+000  0.000000000000000E+000  0.000000000000000E+000
  0.000000000000000E+000  0.000000000000000E+000  0.000000000000000E+000
  0.000000000000000E+000  0.000000000000000E+000  0.000000000000000E+000
  0.000000000000000E+000  0.000000000000000E+000  0.000000000000000E+000
  0.000000000000000E+000  0.000000000000000E+000  0.000000000000000E+000
  0.000000000000000E+000  0.000000000000000E+000  0.000000000000000E+000
  0.000000000000000E+000  0.000000000000000E+000  0.000000000000000E+000
  0.000000000000000E+000  0.000000000000000E+000  0.000000000000000E+000
  0.000000000000000E+000  0.000000000000000E+000  0.000000000000000E+000
  0.000000000000000E+000  0.000000000000000E+000  0.000000000000000E+000
  0.000000000000000E+000  0.000000000000000E+000  0.000000000000000E+000
  0.000000000000000E+000  0.000000000000000E+000  0.000000000000000E+000
  0.000000000000000E+000  0.000000000000000E+000  0.000000000000000E+000
  0.000000000000000E+000  0.000000000000000E+000  0.000000000000000E+000
  0.000000000000000E+000  0.000000000000000E+000  0.000000000000000E+000
  0.000000000000000E+000  0.000000000000000E+000  0.000000000000000E+000
  0.000000000000000E+000  0.000000000000000E+000  0.000000000000000E+000
  0.000000000000000E+000  0.000000000000000E+000  0.000000000000000E+000
  0.000000000000000E+000  0.000000000000000E+000  0.000000000000000E+000
  0.000000000000000E+000  0.000000000000000E+000  0.000000000000000E+000
  0.000000000000000E+000  0.000000000000000E+000  0.000000000000000E+000
  0.000000000000000E+000  0.000000000000000E+000  0.000000000000000E+000
  0.000000000000000E+000  0.000000000000000E+000  0.000000000000000E+000
  0.000000000000000E+000  0.000000000000000E+000  0.000000000000000E+000
  0.000000000000000E+000  0.000000000000000E+000  0.000000000000000E+000
  0.000000000000000E+000  0.000000000000000E+000  0.000000000000000E+000
  0.000000000000000E+000  0.000000000000000E+000  0.000000000000000E+000
  0.000000000000000E+000  0.000000000000000E+000  0.000000000000000E+000
  0.000000000000000E+000  0.000000000000000E+000  0.000000000000000E+000
  0.000000000000000E+000  0.000000000000000E+000  0.000000000000000E+000
  0.000000000000000E+000  0.000000000000000E+000  0.000000000000000E+000
  0.000000000000000E+000  0.000000000000000E+000  0.000000000000000E+000
  0.000000000000000E+000  0.000000000000000E+000  0.000000000000000E+000
  0.000000000000000E+000  0.000000000000000E+000  0.000000000000000E+000
  0.000000000000000E+000  0.000000000000000E+000  0.000000000000000E+000
  0.000000000000000E+000  0.000000000000000E+000  0.000000000000000E+000
  0.000000000000000E+000  0.000000000000000E+000  0.000000000000000E+000
  0.000000000000000E+000  0.000000000000000E+000  0.000000000000000E+000
  0.000000000000000E+000  0.000000000000000E+000  0.000000000000000E+000
  0.000000000000000E+000  0.000000000000000E+000  0.000000000000000E+000
  0.000000000000000E+000  0.000000000000000E+000  0.000000000000000E+000
  0.000000000000000E+000  0.000000000000000E+000  0.000000000000000E+000
