  0.885615579883690      -0.150237743315352      -0.116748643554534     
  1.442495516178379E-004 -0.281069855071391       5.631406321509334E-003
 -1.168122268627663E-005  1.433114973572956E-002  8.925691296950575E-003
  6.625943729650185E-003 -2.895425920491728E-005  1.793139598180901E-002
 -5.075871886591633E-004  2.032294591590258E-006 -1.547085144743140E-003
   1.05003582490257       1.144880312931546E-003  0.201460627062647     
 -0.102097765219399      -6.334535180625063E-005 -1.339889627157063E-002
   1.08445565283270       1.012728463421336E-003 -6.297812466667605E-005
 -0.104620652276923      -5.919913918910240E-005   1.22608939334101     
 -1.333233593978389E-002 -5.947393988288072E-005 -0.122885436450877     
  2.882424672275197E-003  4.310306985433845E-006  9.979592424725452E-004
  2.934021540678504E-003  4.247254803814536E-006  3.617539426352754E-003
  0.000000000000000E+000  0.000000000000000E+000  0.000000000000000E+000
  0.000000000000000E+000  0.000000000000000E+000  0.000000000000000E+000
  0.000000000000000E+000  0.000000000000000E+000  0.000000000000000E+000
  0.000000000000000E+000  0.000000000000000E+000  0.000000000000000E+000
  0.000000000000000E+000  0.000000000000000E+000  0.000000000000000E+000
  0.000000000000000E+000  0.000000000000000E+000  0.000000000000000E+000
  0.000000000000000E+000  0.000000000000000E+000  0.000000000000000E+000
  0.000000000000000E+000  0.000000000000000E+000  0.000000000000000E+000
  0.000000000000000E+000  0.000000000000000E+000  0.000000000000000E+000
  0.000000000000000E+000  0.000000000000000E+000  0.000000000000000E+000
  0.000000000000000E+000  0.000000000000000E+000  0.000000000000000E+000
  0.000000000000000E+000  0.000000000000000E+000  0.000000000000000E+000
  0.000000000000000E+000  0.000000000000000E+000  0.000000000000000E+000
  0.000000000000000E+000  0.000000000000000E+000  0.000000000000000E+000
  0.000000000000000E+000  0.000000000000000E+000  0.000000000000000E+000
  0.000000000000000E+000  0.000000000000000E+000  0.000000000000000E+000
  0.000000000000000E+000  0.000000000000000E+000  0.000000000000000E+000
  0.000000000000000E+000  0.000000000000000E+000  0.000000000000000E+000
  0.000000000000000E+000  0.000000000000000E+000  0.000000000000000E+000
  0.000000000000000E+000  0.000000000000000E+000  0.000000000000000E+000
  0.000000000000000E+000  0.000000000000000E+000  0.000000000000000E+000
  0.000000000000000E+000  0.000000000000000E+000  0.000000000000000E+000
  0.000000000000000E+000  0.000000000000000E+000  0.000000000000000E+000
  0.000000000000000E+000  0.000000000000000E+000  0.000000000000000E+000
  0.000000000000000E+000  0.000000000000000E+000  0.000000000000000E+000
  0.000000000000000E+000  0.000000000000000E+000  0.000000000000000E+000
  0.000000000000000E+000  0.000000000000000E+000  0.000000000000000E+000
  0.000000000000000E+000  0.000000000000000E+000  0.000000000000000E+000
  0.000000000000000E+000  0.000000000000000E+000  0.000000000000000E+000
  0.000000000000000E+000  0.000000000000000E+000  0.000000000000000E+000
  0.000000000000000E+000  0.000000000000000E+000  0.000000000000000E+000
  0.000000000000000E+000  0.000000000000000E+000  0.000000000000000E+000
  0.000000000000000E+000  0.000000000000000E+000  0.000000000000000E+000
  0.000000000000000E+000  0.000000000000000E+000  0.000000000000000E+000
  0.000000000000000E+000  0.000000000000000E+000  0.000000000000000E+000
  0.000000000000000E+000  0.000000000000000E+000  0.000000000000000E+000
  0.000000000000000E+000  0.000000000000000E+000  0.000000000000000E+000
  0.000000000000000E+000  0.000000000000000E+000  0.000000000000000E+000
  0.000000000000000E+000  0.000000000000000E+000  0.000000000000000E+000
  0.000000000000000E+000  0.000000000000000E+000  0.000000000000000E+000
  0.000000000000000E+000  0.000000000000000E+000  0.000000000000000E+000
  0.000000000000000E+000  0.000000000000000E+000  0.000000000000000E+000
  0.000000000000000E+000  0.000000000000000E+000  0.000000000000000E+000
  0.000000000000000E+000  0.000000000000000E+000  0.000000000000000E+000
  0.000000000000000E+000  0.000000000000000E+000  0.000000000000000E+000
  0.970727316695371      -0.163487217177725       3.932311741836143E-002
  3.263295716171935E-005  4.914095089908870E-002 -8.680173385693609E-005
  5.013060429059449E-006 -6.571477516292687E-004  1.019889395238253E-002
  3.373086492766275E-003  8.125875313388673E-006  1.613685422185661E-003
 -4.450701566578451E-004 -1.303713006775214E-006 -1.067186559162237E-004
   1.30682918600702      -4.861259280526825E-004 -0.366695817502831     
 -0.131873129533430       2.904963156965876E-005  2.247180712547673E-002
   1.23775664234410      -2.149677058917833E-004  2.868064581551077E-005
 -0.122988996371612       2.253647000383152E-005   1.29627361077003     
  2.231106082284550E-002  2.231461341706009E-005 -0.124509354288604     
  3.954029233001748E-003 -2.000833070935629E-006 -1.659908080596530E-003
  3.589461318677614E-003 -1.878495230854441E-006  3.586248692889307E-003
  0.000000000000000E+000  0.000000000000000E+000  0.000000000000000E+000
  0.000000000000000E+000  0.000000000000000E+000  0.000000000000000E+000
  0.000000000000000E+000  0.000000000000000E+000  0.000000000000000E+000
  0.000000000000000E+000  0.000000000000000E+000  0.000000000000000E+000
  0.000000000000000E+000  0.000000000000000E+000  0.000000000000000E+000
  0.000000000000000E+000  0.000000000000000E+000  0.000000000000000E+000
  0.000000000000000E+000  0.000000000000000E+000  0.000000000000000E+000
  0.000000000000000E+000  0.000000000000000E+000  0.000000000000000E+000
  0.000000000000000E+000  0.000000000000000E+000  0.000000000000000E+000
  0.000000000000000E+000  0.000000000000000E+000  0.000000000000000E+000
  0.000000000000000E+000  0.000000000000000E+000  0.000000000000000E+000
  0.000000000000000E+000  0.000000000000000E+000  0.000000000000000E+000
  0.000000000000000E+000  0.000000000000000E+000  0.000000000000000E+000
  0.000000000000000E+000  0.000000000000000E+000  0.000000000000000E+000
  0.000000000000000E+000  0.000000000000000E+000  0.000000000000000E+000
  0.000000000000000E+000  0.000000000000000E+000  0.000000000000000E+000
  0.000000000000000E+000  0.000000000000000E+000  0.000000000000000E+000
  0.000000000000000E+000  0.000000000000000E+000  0.000000000000000E+000
  0.000000000000000E+000  0.000000000000000E+000  0.000000000000000E+000
  0.000000000000000E+000  0.000000000000000E+000  0.000000000000000E+000
  0.000000000000000E+000  0.000000000000000E+000  0.000000000000000E+000
  0.000000000000000E+000  0.000000000000000E+000  0.000000000000000E+000
  0.000000000000000E+000  0.000000000000000E+000  0.000000000000000E+000
  0.000000000000000E+000  0.000000000000000E+000  0.000000000000000E+000
  0.000000000000000E+000  0.000000000000000E+000  0.000000000000000E+000
  0.000000000000000E+000  0.000000000000000E+000  0.000000000000000E+000
  0.000000000000000E+000  0.000000000000000E+000  0.000000000000000E+000
  0.000000000000000E+000  0.000000000000000E+000  0.000000000000000E+000
  0.000000000000000E+000  0.000000000000000E+000  0.000000000000000E+000
  0.000000000000000E+000  0.000000000000000E+000  0.000000000000000E+000
  0.000000000000000E+000  0.000000000000000E+000  0.000000000000000E+000
  0.000000000000000E+000  0.000000000000000E+000  0.000000000000000E+000
  0.000000000000000E+000  0.000000000000000E+000  0.000000000000000E+000
  0.000000000000000E+000  0.000000000000000E+000  0.000000000000000E+000
  0.000000000000000E+000  0.000000000000000E+000  0.000000000000000E+000
  0.000000000000000E+000  0.000000000000000E+000  0.000000000000000E+000
  0.000000000000000E+000  0.000000000000000E+000  0.000000000000000E+000
  0.000000000000000E+000  0.000000000000000E+000  0.000000000000000E+000
  0.000000000000000E+000  0.000000000000000E+000  0.000000000000000E+000
  0.000000000000000E+000  0.000000000000000E+000  0.000000000000000E+000
  0.000000000000000E+000  0.000000000000000E+000  0.000000000000000E+000
  0.000000000000000E+000  0.000000000000000E+000  0.000000000000000E+000
  0.000000000000000E+000  0.000000000000000E+000  0.000000000000000E+000
  0.000000000000000E+000  0.000000000000000E+000  0.000000000000000E+000
  0.000000000000000E+000  0.000000000000000E+000  0.000000000000000E+000
   1.99592485723275       7.956511631596852E-002 -1.622145510004842E-003
 -3.594293623039449E-006 -9.013183858707688E-005  4.804747804261009E-003
  6.800009916091205E-006 -1.308447459302805E-003 -4.516778737793646E-003
  8.658759367536827E-005  5.204594683277025E-002  0.105224875247018     
 -2.120742002484662E-004  1.138647989770131E-002 -1.967411840688993E-004
 -0.119914905329273      -0.225227370122531       4.466327218469838E-004
  0.955280986484551       2.168579443233315E-002  4.346069352597170E-005
 -3.744409468259686E-003  0.131446323208648       1.412646882158768E-004
 -9.707456908603039E-002  9.455465951988241E-002  1.319254523587478E-003
  0.468256849225685       0.436249961949697      -5.961558953351606E-004
 -0.344450196848912      -2.759709533028404E-003 -0.840276214295165     
 -0.604061983614456       5.006314446123646E-004   1.99815268836650     
  5.106422545157934E-007  6.731574257465933E-004  4.996477501025805E-002
 -2.088834107395594E-005 -7.009450045413880E-003 -5.203729417482657E-002
 -1.251905591287420E-004 -5.593193912148603E-003  5.375159460077408E-003
  1.886459133362759E-006  9.183605660518464E-002  2.148259906966841E-004
  1.210399592333765E-002 -6.382178179525514E-003  4.803553628926585E-007
   1.99911570245410      -3.553666729597351E-006 -2.206765112155604E-005
  4.070800000786211E-002  1.947690370925718E-005  7.655561529441584E-005
 -5.383670635765232E-002 -1.912101392402640E-006 -1.523202027956096E-004
 -1.760599276146203E-002 -1.035208874399898E-004  8.320499521710689E-002
  6.193057446453224E-006  1.880305107039541E-004  2.292773473685647E-002
   1.99748970630173      -7.094490403351058E-003  1.940608323882081E-005
  6.287532466021853E-002  7.819350731341499E-003 -3.385323351900174E-006
 -6.692636365286316E-002 -2.744991621071923E-003 -1.020715926783151E-004
 -1.048476500276110E-002  1.406432492819340E-005  9.519689311771005E-002
 -1.054412883380647E-002  2.175593989907813E-004  0.207693259907308     
 -2.905876093349571E-004 -7.407304657909529E-002  6.736906143221959E-002
  1.396763232951932E-004  0.125553230530028       0.120360367310907     
 -1.205021993708788E-005 -0.106627675956639      -1.959319642152691E-004
 -0.204646609627443      -0.196007188524625       9.107929812360402E-005
  0.208760696100692       4.573581286601473E-005  4.378656589557941E-004
 -0.197092837224787      -6.517334396842738E-005 -1.383259822979888E-003
 -0.134823764780357      -2.566969134799897E-004  0.199528033575754     
  2.603676751962263E-004  1.481217852608320E-003  0.151746270366469     
  0.262792399726321      -1.073365002279059E-002 -3.089306343465270E-005
 -0.492694730563160      -0.374229477232124       8.075547491936229E-004
  0.108677586179504       3.504520683042786E-004  0.633310505991052     
  0.468045444666045      -8.008638479656738E-004   2.09151452950149     
 -6.116907425880167E-003  0.814799314032924       0.720568611574376     
 -3.001023016906228E-003  -2.38503218025164       1.566487573863280E-002
  7.712720414151056E-002  -1.57286711387103       7.662333811519640E-003
   3.23066216673516      -4.923972877401846E-003  5.578729784930286E-003
  0.566969611192114       1.654541984864234E-002  -7.08604817331364     
  1.075818433074993E-002 -1.174620007723482E-002  -1.00767020138353     
   2.26070667433560        1.88399723828446      -6.550264481218125E-003
 -5.823469934968427E-002  9.762953431242871E-003  -4.31057307513940     
  -2.57768247547351       8.805369351833842E-003   3.41479080283443     
 -5.587484889227621E-003  -2.27046764331271      -1.469391435625039E-002
  -2.97693469796781       -6.73364655972220       7.793566910238582E-003
   2.08436576684423       1.041771940436725E-002  -1.16544626086110     
  1.023930213464684E-002  8.328581382885466E-003  -2.57926410033105     
   2.20737273738952      -1.152276994911424E-002   1.18981976582693     
   1.64763773714123      -5.865543859500975E-003   4.17804628695962     
 -7.412143406773911E-003  1.196021335828468E-002  0.641043147246956     
   2.70422929479637        3.07400571985622      -9.823427514986110E-003
   3.90619181326489      -5.780778409849257E-003   2.22942065377624     
   2.05066871604261      -0.311720738751155       5.369006083280461E-002
  4.736704652303020E-004  0.212198352574960      -8.979965388061049E-002
 -7.506744352175635E-004 -0.336850258046162       2.474962336590088E-002
 -4.406687364876331E-002 -3.478200948752221E-004 -0.158231668603304     
  2.086669925268976E-002  2.169157790807698E-004  0.104031389038211     
   2.60128574748191      -1.594694577067871E-004 -0.304066164131140     
  -1.90429208778014       1.391053516944183E-004  0.277279147136721     
   2.46838249874434       6.990296832436252E-004  1.466794169058965E-004
  -1.67126917008547      -8.676920014580813E-004   2.82386392893020     
  0.278550420233164      -8.652380661560641E-004  -2.45320436057452     
  0.382817433850813      -1.471011184880833E-004 -0.184416545489607     
  0.333832150228505       5.682990388901176E-004  0.583984490331519     
  0.000000000000000E+000  0.000000000000000E+000  0.000000000000000E+000
  0.000000000000000E+000  0.000000000000000E+000  0.000000000000000E+000
  0.000000000000000E+000  0.000000000000000E+000  0.000000000000000E+000
  0.000000000000000E+000  0.000000000000000E+000  0.000000000000000E+000
  0.000000000000000E+000  0.000000000000000E+000  0.000000000000000E+000
  0.000000000000000E+000  0.000000000000000E+000  0.000000000000000E+000
  0.000000000000000E+000  0.000000000000000E+000  0.000000000000000E+000
  0.000000000000000E+000  0.000000000000000E+000  0.000000000000000E+000
  0.000000000000000E+000  0.000000000000000E+000  0.000000000000000E+000
  0.000000000000000E+000  0.000000000000000E+000  0.000000000000000E+000
  0.000000000000000E+000  0.000000000000000E+000  0.000000000000000E+000
  0.000000000000000E+000  0.000000000000000E+000  0.000000000000000E+000
  0.000000000000000E+000  0.000000000000000E+000  0.000000000000000E+000
  0.000000000000000E+000  0.000000000000000E+000  0.000000000000000E+000
  0.000000000000000E+000  0.000000000000000E+000  0.000000000000000E+000
  0.000000000000000E+000  0.000000000000000E+000  0.000000000000000E+000
  0.000000000000000E+000  0.000000000000000E+000  0.000000000000000E+000
  0.000000000000000E+000  0.000000000000000E+000  0.000000000000000E+000
  0.000000000000000E+000  0.000000000000000E+000  0.000000000000000E+000
  0.000000000000000E+000  0.000000000000000E+000  0.000000000000000E+000
  0.000000000000000E+000  0.000000000000000E+000  0.000000000000000E+000
  0.000000000000000E+000  0.000000000000000E+000  0.000000000000000E+000
  0.000000000000000E+000  0.000000000000000E+000  0.000000000000000E+000
  0.000000000000000E+000  0.000000000000000E+000  0.000000000000000E+000
  0.000000000000000E+000  0.000000000000000E+000  0.000000000000000E+000
  0.000000000000000E+000  0.000000000000000E+000  0.000000000000000E+000
  0.000000000000000E+000  0.000000000000000E+000  0.000000000000000E+000
  0.000000000000000E+000  0.000000000000000E+000  0.000000000000000E+000
  0.000000000000000E+000  0.000000000000000E+000  0.000000000000000E+000
  0.000000000000000E+000  0.000000000000000E+000  0.000000000000000E+000
  0.000000000000000E+000  0.000000000000000E+000  0.000000000000000E+000
  0.000000000000000E+000  0.000000000000000E+000  0.000000000000000E+000
  0.000000000000000E+000  0.000000000000000E+000  0.000000000000000E+000
  0.000000000000000E+000  0.000000000000000E+000  0.000000000000000E+000
  0.000000000000000E+000  0.000000000000000E+000  0.000000000000000E+000
  0.000000000000000E+000  0.000000000000000E+000  0.000000000000000E+000
  0.000000000000000E+000  0.000000000000000E+000  0.000000000000000E+000
  0.000000000000000E+000  0.000000000000000E+000  0.000000000000000E+000
  0.000000000000000E+000  0.000000000000000E+000  0.000000000000000E+000
  0.000000000000000E+000  0.000000000000000E+000  0.000000000000000E+000
  0.000000000000000E+000  0.000000000000000E+000  0.000000000000000E+000
  0.000000000000000E+000  0.000000000000000E+000  0.000000000000000E+000
  0.000000000000000E+000  0.000000000000000E+000  0.000000000000000E+000
  0.000000000000000E+000  0.000000000000000E+000  0.000000000000000E+000
  0.000000000000000E+000  0.000000000000000E+000  0.000000000000000E+000
   2.04545246954923      -0.350970567936898      -1.101319162829733E-002
 -1.854829897491548E-004 -9.324366700148855E-002  1.376445333291329E-002
  3.300840632874659E-004  0.174511597012128       2.630351617747606E-002
  1.484625967877796E-003  1.799091829197244E-004  0.101447293404748     
  3.274371313259613E-003 -1.150479286896881E-004 -7.019629495134430E-002
   2.81610139399574      -7.608959621216958E-005  7.778485642862024E-002
  -2.26899152640600      -1.139379857625390E-005 -4.269480410793974E-002
   2.84928611475589      -4.437755833136127E-004 -1.410848373740352E-005
  -2.28027408448980       7.807433419151954E-005   2.69156140772268     
 -4.275711557634015E-002  7.889928407253758E-005  -2.20365091519738     
  0.485327730411859       3.973560529794181E-006  2.097457449430267E-002
  0.490520095630541      -1.182458367425792E-005  0.480279957250785     
  0.000000000000000E+000  0.000000000000000E+000  0.000000000000000E+000
  0.000000000000000E+000  0.000000000000000E+000  0.000000000000000E+000
  0.000000000000000E+000  0.000000000000000E+000  0.000000000000000E+000
  0.000000000000000E+000  0.000000000000000E+000  0.000000000000000E+000
  0.000000000000000E+000  0.000000000000000E+000  0.000000000000000E+000
  0.000000000000000E+000  0.000000000000000E+000  0.000000000000000E+000
  0.000000000000000E+000  0.000000000000000E+000  0.000000000000000E+000
  0.000000000000000E+000  0.000000000000000E+000  0.000000000000000E+000
  0.000000000000000E+000  0.000000000000000E+000  0.000000000000000E+000
  0.000000000000000E+000  0.000000000000000E+000  0.000000000000000E+000
  0.000000000000000E+000  0.000000000000000E+000  0.000000000000000E+000
  0.000000000000000E+000  0.000000000000000E+000  0.000000000000000E+000
  0.000000000000000E+000  0.000000000000000E+000  0.000000000000000E+000
  0.000000000000000E+000  0.000000000000000E+000  0.000000000000000E+000
  0.000000000000000E+000  0.000000000000000E+000  0.000000000000000E+000
  0.000000000000000E+000  0.000000000000000E+000  0.000000000000000E+000
  0.000000000000000E+000  0.000000000000000E+000  0.000000000000000E+000
  0.000000000000000E+000  0.000000000000000E+000  0.000000000000000E+000
  0.000000000000000E+000  0.000000000000000E+000  0.000000000000000E+000
  0.000000000000000E+000  0.000000000000000E+000  0.000000000000000E+000
  0.000000000000000E+000  0.000000000000000E+000  0.000000000000000E+000
  0.000000000000000E+000  0.000000000000000E+000  0.000000000000000E+000
  0.000000000000000E+000  0.000000000000000E+000  0.000000000000000E+000
  0.000000000000000E+000  0.000000000000000E+000  0.000000000000000E+000
  0.000000000000000E+000  0.000000000000000E+000  0.000000000000000E+000
  0.000000000000000E+000  0.000000000000000E+000  0.000000000000000E+000
  0.000000000000000E+000  0.000000000000000E+000  0.000000000000000E+000
  0.000000000000000E+000  0.000000000000000E+000  0.000000000000000E+000
  0.000000000000000E+000  0.000000000000000E+000  0.000000000000000E+000
  0.000000000000000E+000  0.000000000000000E+000  0.000000000000000E+000
  0.000000000000000E+000  0.000000000000000E+000  0.000000000000000E+000
  0.000000000000000E+000  0.000000000000000E+000  0.000000000000000E+000
  0.000000000000000E+000  0.000000000000000E+000  0.000000000000000E+000
  0.000000000000000E+000  0.000000000000000E+000  0.000000000000000E+000
  0.000000000000000E+000  0.000000000000000E+000  0.000000000000000E+000
  0.000000000000000E+000  0.000000000000000E+000  0.000000000000000E+000
  0.000000000000000E+000  0.000000000000000E+000  0.000000000000000E+000
  0.000000000000000E+000  0.000000000000000E+000  0.000000000000000E+000
  0.000000000000000E+000  0.000000000000000E+000  0.000000000000000E+000
  0.000000000000000E+000  0.000000000000000E+000  0.000000000000000E+000
  0.000000000000000E+000  0.000000000000000E+000  0.000000000000000E+000
  0.000000000000000E+000  0.000000000000000E+000  0.000000000000000E+000
  0.000000000000000E+000  0.000000000000000E+000  0.000000000000000E+000
  0.000000000000000E+000  0.000000000000000E+000  0.000000000000000E+000
  0.000000000000000E+000  0.000000000000000E+000  0.000000000000000E+000
   2.05208206338160      -0.337015590963213      -0.113100022166608     
 -2.338411546725722E-004 -6.860959699705171E-002  0.245057019415512     
  5.424806178295203E-004  0.140196331755955       2.652280104172232E-002
  0.151321437319615       3.425254824370812E-004  7.879844106487835E-002
 -8.995238916828806E-002 -1.881392999260860E-004 -4.169425340175464E-002
   2.65923675196246      -3.304206627299578E-004 -9.272917657997716E-002
  -2.06194971954308       3.858635145644765E-004 -1.477852096527857E-003
   2.68136078245479       4.234552757937668E-004  3.801827371328328E-004
  -2.24885995018150       6.862472946101306E-005   2.85566630198404     
 -1.215625933393439E-003  6.566475473988973E-005  -2.21200044233729     
  0.448745254391797      -2.342967663832788E-004  9.913487282217285E-003
  0.509244635445828      -8.838836051583199E-005  0.481458040100931     
  0.000000000000000E+000  0.000000000000000E+000  0.000000000000000E+000
  0.000000000000000E+000  0.000000000000000E+000  0.000000000000000E+000
  0.000000000000000E+000  0.000000000000000E+000  0.000000000000000E+000
  0.000000000000000E+000  0.000000000000000E+000  0.000000000000000E+000
  0.000000000000000E+000  0.000000000000000E+000  0.000000000000000E+000
  0.000000000000000E+000  0.000000000000000E+000  0.000000000000000E+000
  0.000000000000000E+000  0.000000000000000E+000  0.000000000000000E+000
  0.000000000000000E+000  0.000000000000000E+000  0.000000000000000E+000
  0.000000000000000E+000  0.000000000000000E+000  0.000000000000000E+000
  0.000000000000000E+000  0.000000000000000E+000  0.000000000000000E+000
  0.000000000000000E+000  0.000000000000000E+000  0.000000000000000E+000
  0.000000000000000E+000  0.000000000000000E+000  0.000000000000000E+000
  0.000000000000000E+000  0.000000000000000E+000  0.000000000000000E+000
  0.000000000000000E+000  0.000000000000000E+000  0.000000000000000E+000
  0.000000000000000E+000  0.000000000000000E+000  0.000000000000000E+000
  0.000000000000000E+000  0.000000000000000E+000  0.000000000000000E+000
  0.000000000000000E+000  0.000000000000000E+000  0.000000000000000E+000
  0.000000000000000E+000  0.000000000000000E+000  0.000000000000000E+000
  0.000000000000000E+000  0.000000000000000E+000  0.000000000000000E+000
  0.000000000000000E+000  0.000000000000000E+000  0.000000000000000E+000
  0.000000000000000E+000  0.000000000000000E+000  0.000000000000000E+000
  0.000000000000000E+000  0.000000000000000E+000  0.000000000000000E+000
  0.000000000000000E+000  0.000000000000000E+000  0.000000000000000E+000
  0.000000000000000E+000  0.000000000000000E+000  0.000000000000000E+000
  0.000000000000000E+000  0.000000000000000E+000  0.000000000000000E+000
  0.000000000000000E+000  0.000000000000000E+000  0.000000000000000E+000
  0.000000000000000E+000  0.000000000000000E+000  0.000000000000000E+000
  0.000000000000000E+000  0.000000000000000E+000  0.000000000000000E+000
  0.000000000000000E+000  0.000000000000000E+000  0.000000000000000E+000
  0.000000000000000E+000  0.000000000000000E+000  0.000000000000000E+000
  0.000000000000000E+000  0.000000000000000E+000  0.000000000000000E+000
  0.000000000000000E+000  0.000000000000000E+000  0.000000000000000E+000
  0.000000000000000E+000  0.000000000000000E+000  0.000000000000000E+000
  0.000000000000000E+000  0.000000000000000E+000  0.000000000000000E+000
  0.000000000000000E+000  0.000000000000000E+000  0.000000000000000E+000
  0.000000000000000E+000  0.000000000000000E+000  0.000000000000000E+000
  0.000000000000000E+000  0.000000000000000E+000  0.000000000000000E+000
  0.000000000000000E+000  0.000000000000000E+000  0.000000000000000E+000
  0.000000000000000E+000  0.000000000000000E+000  0.000000000000000E+000
  0.000000000000000E+000  0.000000000000000E+000  0.000000000000000E+000
  0.000000000000000E+000  0.000000000000000E+000  0.000000000000000E+000
  0.000000000000000E+000  0.000000000000000E+000  0.000000000000000E+000
  0.000000000000000E+000  0.000000000000000E+000  0.000000000000000E+000
  0.000000000000000E+000  0.000000000000000E+000  0.000000000000000E+000
  0.000000000000000E+000  0.000000000000000E+000  0.000000000000000E+000
   2.03721234062334      -0.329104727243673       6.333813392358070E-003
 -1.495806711885667E-004  9.092328101123759E-002 -5.266334713002785E-002
  6.533983467827065E-005 -0.152404786567665       2.471040011395988E-002
 -4.841487523318633E-002 -6.350328828888833E-005 -7.385102237575922E-002
  2.938561909563413E-002  3.315233959799150E-005  4.610313876241339E-002
   2.72986431712911       4.270586652176285E-006  3.161309342071539E-002
  -2.19742524858914       2.187173444943873E-004 -3.862147108876993E-002
   2.74249427185152      -3.405345215319743E-004  2.174522446617307E-004
  -2.30015315490358       7.622285618330214E-004   2.58462531202428     
 -3.863837374352701E-002  7.599555238285595E-004  -1.78119400685646     
  0.480126304212218      -1.473967091219341E-004  3.835633746962918E-002
  0.520973282501200      -5.064921443069172E-004  0.343900797749053     
  0.000000000000000E+000  0.000000000000000E+000  0.000000000000000E+000
  0.000000000000000E+000  0.000000000000000E+000  0.000000000000000E+000
  0.000000000000000E+000  0.000000000000000E+000  0.000000000000000E+000
  0.000000000000000E+000  0.000000000000000E+000  0.000000000000000E+000
  0.000000000000000E+000  0.000000000000000E+000  0.000000000000000E+000
  0.000000000000000E+000  0.000000000000000E+000  0.000000000000000E+000
  0.000000000000000E+000  0.000000000000000E+000  0.000000000000000E+000
  0.000000000000000E+000  0.000000000000000E+000  0.000000000000000E+000
  0.000000000000000E+000  0.000000000000000E+000  0.000000000000000E+000
  0.000000000000000E+000  0.000000000000000E+000  0.000000000000000E+000
  0.000000000000000E+000  0.000000000000000E+000  0.000000000000000E+000
  0.000000000000000E+000  0.000000000000000E+000  0.000000000000000E+000
  0.000000000000000E+000  0.000000000000000E+000  0.000000000000000E+000
  0.000000000000000E+000  0.000000000000000E+000  0.000000000000000E+000
  0.000000000000000E+000  0.000000000000000E+000  0.000000000000000E+000
  0.000000000000000E+000  0.000000000000000E+000  0.000000000000000E+000
  0.000000000000000E+000  0.000000000000000E+000  0.000000000000000E+000
  0.000000000000000E+000  0.000000000000000E+000  0.000000000000000E+000
  0.000000000000000E+000  0.000000000000000E+000  0.000000000000000E+000
  0.000000000000000E+000  0.000000000000000E+000  0.000000000000000E+000
  0.000000000000000E+000  0.000000000000000E+000  0.000000000000000E+000
  0.000000000000000E+000  0.000000000000000E+000  0.000000000000000E+000
  0.000000000000000E+000  0.000000000000000E+000  0.000000000000000E+000
  0.000000000000000E+000  0.000000000000000E+000  0.000000000000000E+000
  0.000000000000000E+000  0.000000000000000E+000  0.000000000000000E+000
  0.000000000000000E+000  0.000000000000000E+000  0.000000000000000E+000
  0.000000000000000E+000  0.000000000000000E+000  0.000000000000000E+000
  0.000000000000000E+000  0.000000000000000E+000  0.000000000000000E+000
  0.000000000000000E+000  0.000000000000000E+000  0.000000000000000E+000
  0.000000000000000E+000  0.000000000000000E+000  0.000000000000000E+000
  0.000000000000000E+000  0.000000000000000E+000  0.000000000000000E+000
  0.000000000000000E+000  0.000000000000000E+000  0.000000000000000E+000
  0.000000000000000E+000  0.000000000000000E+000  0.000000000000000E+000
  0.000000000000000E+000  0.000000000000000E+000  0.000000000000000E+000
  0.000000000000000E+000  0.000000000000000E+000  0.000000000000000E+000
  0.000000000000000E+000  0.000000000000000E+000  0.000000000000000E+000
  0.000000000000000E+000  0.000000000000000E+000  0.000000000000000E+000
  0.000000000000000E+000  0.000000000000000E+000  0.000000000000000E+000
  0.000000000000000E+000  0.000000000000000E+000  0.000000000000000E+000
  0.000000000000000E+000  0.000000000000000E+000  0.000000000000000E+000
  0.000000000000000E+000  0.000000000000000E+000  0.000000000000000E+000
  0.000000000000000E+000  0.000000000000000E+000  0.000000000000000E+000
  0.000000000000000E+000  0.000000000000000E+000  0.000000000000000E+000
  0.000000000000000E+000  0.000000000000000E+000  0.000000000000000E+000
  0.000000000000000E+000  0.000000000000000E+000  0.000000000000000E+000
