  0.886615961468048      -0.150516649747059      -0.119808296026076     
 -2.167925700808714E-003 -0.279034236086527       5.802542803243878E-003
  1.138531909802775E-004  1.418572541600029E-002  8.951011410529348E-003
  6.835724468016455E-003  1.627274019370997E-004  1.764830476201742E-002
 -5.250428172681071E-004 -1.260272661077495E-005 -1.527383772864716E-003
   1.04991346279179      -4.169293283452304E-003  0.199240290574534     
 -0.102157142419648       2.107424685439476E-004 -1.329822087710045E-002
   1.08420081815955      -7.259882126273631E-006  2.102693578187977E-004
 -0.104642671100232      -2.132459713360731E-005   1.23293852628101     
 -1.322975293895555E-002 -1.964220176711807E-005 -0.123647356906707     
  2.885347782268365E-003 -1.321462288245208E-005  9.922807789988686E-004
  2.935411448860747E-003  2.091705166511428E-006  3.642834152251979E-003
  0.000000000000000E+000  0.000000000000000E+000  0.000000000000000E+000
  0.000000000000000E+000  0.000000000000000E+000  0.000000000000000E+000
  0.000000000000000E+000  0.000000000000000E+000  0.000000000000000E+000
  0.000000000000000E+000  0.000000000000000E+000  0.000000000000000E+000
  0.000000000000000E+000  0.000000000000000E+000  0.000000000000000E+000
  0.000000000000000E+000  0.000000000000000E+000  0.000000000000000E+000
  0.000000000000000E+000  0.000000000000000E+000  0.000000000000000E+000
  0.000000000000000E+000  0.000000000000000E+000  0.000000000000000E+000
  0.000000000000000E+000  0.000000000000000E+000  0.000000000000000E+000
  0.000000000000000E+000  0.000000000000000E+000  0.000000000000000E+000
  0.000000000000000E+000  0.000000000000000E+000  0.000000000000000E+000
  0.000000000000000E+000  0.000000000000000E+000  0.000000000000000E+000
  0.000000000000000E+000  0.000000000000000E+000  0.000000000000000E+000
  0.000000000000000E+000  0.000000000000000E+000  0.000000000000000E+000
  0.000000000000000E+000  0.000000000000000E+000  0.000000000000000E+000
  0.000000000000000E+000  0.000000000000000E+000  0.000000000000000E+000
  0.000000000000000E+000  0.000000000000000E+000  0.000000000000000E+000
  0.000000000000000E+000  0.000000000000000E+000  0.000000000000000E+000
  0.000000000000000E+000  0.000000000000000E+000  0.000000000000000E+000
  0.000000000000000E+000  0.000000000000000E+000  0.000000000000000E+000
  0.000000000000000E+000  0.000000000000000E+000  0.000000000000000E+000
  0.000000000000000E+000  0.000000000000000E+000  0.000000000000000E+000
  0.000000000000000E+000  0.000000000000000E+000  0.000000000000000E+000
  0.000000000000000E+000  0.000000000000000E+000  0.000000000000000E+000
  0.000000000000000E+000  0.000000000000000E+000  0.000000000000000E+000
  0.000000000000000E+000  0.000000000000000E+000  0.000000000000000E+000
  0.000000000000000E+000  0.000000000000000E+000  0.000000000000000E+000
  0.000000000000000E+000  0.000000000000000E+000  0.000000000000000E+000
  0.000000000000000E+000  0.000000000000000E+000  0.000000000000000E+000
  0.000000000000000E+000  0.000000000000000E+000  0.000000000000000E+000
  0.000000000000000E+000  0.000000000000000E+000  0.000000000000000E+000
  0.000000000000000E+000  0.000000000000000E+000  0.000000000000000E+000
  0.000000000000000E+000  0.000000000000000E+000  0.000000000000000E+000
  0.000000000000000E+000  0.000000000000000E+000  0.000000000000000E+000
  0.000000000000000E+000  0.000000000000000E+000  0.000000000000000E+000
  0.000000000000000E+000  0.000000000000000E+000  0.000000000000000E+000
  0.000000000000000E+000  0.000000000000000E+000  0.000000000000000E+000
  0.000000000000000E+000  0.000000000000000E+000  0.000000000000000E+000
  0.000000000000000E+000  0.000000000000000E+000  0.000000000000000E+000
  0.000000000000000E+000  0.000000000000000E+000  0.000000000000000E+000
  0.000000000000000E+000  0.000000000000000E+000  0.000000000000000E+000
  0.000000000000000E+000  0.000000000000000E+000  0.000000000000000E+000
  0.000000000000000E+000  0.000000000000000E+000  0.000000000000000E+000
  0.000000000000000E+000  0.000000000000000E+000  0.000000000000000E+000
  0.000000000000000E+000  0.000000000000000E+000  0.000000000000000E+000
  0.969787168507515      -0.163181916748402       3.825880732462340E-002
 -1.324484236686394E-004  4.718758724987547E-002 -8.636361059086837E-006
  1.832150250939335E-005 -5.000338210476711E-004  1.017612440529085E-002
  3.476515098417954E-003  4.314130174821162E-005  1.901010405452072E-003
 -4.540732520656826E-004 -3.795923050203048E-006 -1.295004748810110E-004
   1.30619671084952       1.469517903495394E-003 -0.365985901244740     
 -0.131729057105837      -7.354461001320627E-005  2.239667285867409E-002
   1.23608911429442       6.209696991314642E-004 -7.458492648879922E-005
 -0.122731971307365      -2.065844310280773E-005   1.29139803527867     
  2.224002910605727E-002 -2.018921485884784E-005 -0.123978844476357     
  3.948288521874250E-003  4.895349027984030E-006 -1.653189094912775E-003
  3.579904387705208E-003  8.706742579642759E-007  3.568875078192041E-003
  0.000000000000000E+000  0.000000000000000E+000  0.000000000000000E+000
  0.000000000000000E+000  0.000000000000000E+000  0.000000000000000E+000
  0.000000000000000E+000  0.000000000000000E+000  0.000000000000000E+000
  0.000000000000000E+000  0.000000000000000E+000  0.000000000000000E+000
  0.000000000000000E+000  0.000000000000000E+000  0.000000000000000E+000
  0.000000000000000E+000  0.000000000000000E+000  0.000000000000000E+000
  0.000000000000000E+000  0.000000000000000E+000  0.000000000000000E+000
  0.000000000000000E+000  0.000000000000000E+000  0.000000000000000E+000
  0.000000000000000E+000  0.000000000000000E+000  0.000000000000000E+000
  0.000000000000000E+000  0.000000000000000E+000  0.000000000000000E+000
  0.000000000000000E+000  0.000000000000000E+000  0.000000000000000E+000
  0.000000000000000E+000  0.000000000000000E+000  0.000000000000000E+000
  0.000000000000000E+000  0.000000000000000E+000  0.000000000000000E+000
  0.000000000000000E+000  0.000000000000000E+000  0.000000000000000E+000
  0.000000000000000E+000  0.000000000000000E+000  0.000000000000000E+000
  0.000000000000000E+000  0.000000000000000E+000  0.000000000000000E+000
  0.000000000000000E+000  0.000000000000000E+000  0.000000000000000E+000
  0.000000000000000E+000  0.000000000000000E+000  0.000000000000000E+000
  0.000000000000000E+000  0.000000000000000E+000  0.000000000000000E+000
  0.000000000000000E+000  0.000000000000000E+000  0.000000000000000E+000
  0.000000000000000E+000  0.000000000000000E+000  0.000000000000000E+000
  0.000000000000000E+000  0.000000000000000E+000  0.000000000000000E+000
  0.000000000000000E+000  0.000000000000000E+000  0.000000000000000E+000
  0.000000000000000E+000  0.000000000000000E+000  0.000000000000000E+000
  0.000000000000000E+000  0.000000000000000E+000  0.000000000000000E+000
  0.000000000000000E+000  0.000000000000000E+000  0.000000000000000E+000
  0.000000000000000E+000  0.000000000000000E+000  0.000000000000000E+000
  0.000000000000000E+000  0.000000000000000E+000  0.000000000000000E+000
  0.000000000000000E+000  0.000000000000000E+000  0.000000000000000E+000
  0.000000000000000E+000  0.000000000000000E+000  0.000000000000000E+000
  0.000000000000000E+000  0.000000000000000E+000  0.000000000000000E+000
  0.000000000000000E+000  0.000000000000000E+000  0.000000000000000E+000
  0.000000000000000E+000  0.000000000000000E+000  0.000000000000000E+000
  0.000000000000000E+000  0.000000000000000E+000  0.000000000000000E+000
  0.000000000000000E+000  0.000000000000000E+000  0.000000000000000E+000
  0.000000000000000E+000  0.000000000000000E+000  0.000000000000000E+000
  0.000000000000000E+000  0.000000000000000E+000  0.000000000000000E+000
  0.000000000000000E+000  0.000000000000000E+000  0.000000000000000E+000
  0.000000000000000E+000  0.000000000000000E+000  0.000000000000000E+000
  0.000000000000000E+000  0.000000000000000E+000  0.000000000000000E+000
  0.000000000000000E+000  0.000000000000000E+000  0.000000000000000E+000
  0.000000000000000E+000  0.000000000000000E+000  0.000000000000000E+000
  0.000000000000000E+000  0.000000000000000E+000  0.000000000000000E+000
  0.000000000000000E+000  0.000000000000000E+000  0.000000000000000E+000
  0.000000000000000E+000  0.000000000000000E+000  0.000000000000000E+000
   1.99592476886317       7.956246198103778E-002 -1.630487511635156E-003
 -3.869587991399059E-006 -1.030823872584017E-004  4.834548450116790E-003
  6.301519579193344E-006 -1.275347050135965E-003 -4.668122447770927E-003
  3.234656265119183E-004  5.227706889935197E-002  0.104774072337286     
 -6.294981804659667E-005  1.173643249650168E-002 -7.161516161699076E-004
 -0.120351508433932      -0.224387422166280       1.309139611382696E-004
  0.955177919045360       2.180247719638897E-002  5.661841674124270E-005
 -3.595878903544173E-003  0.131478778665517       2.450384804635659E-004
 -9.642650937679029E-002  9.096923237986135E-002  2.141246164787285E-003
  0.469658596861627       0.431045846101138      -1.386521595384913E-004
 -0.339962979027303      -4.015749419216660E-003 -0.842791562830511     
 -0.596457354164468      -3.723150877929500E-004   1.99815247570370     
  4.388036183015571E-006  6.767485321830156E-004  4.999015997272079E-002
 -5.431331239860226E-005 -7.040056456409317E-003 -5.225491973766871E-002
 -1.542876895660513E-004 -5.818633410059013E-003  5.593584309735293E-003
 -8.205847129967371E-006  9.222141531336406E-002  2.433276597227245E-004
  1.256441903459112E-002 -6.694596333130139E-003  1.253244003216464E-005
   1.99911352332693      -1.267905423677035E-006 -5.645164948689077E-005
  4.076587046662495E-002  8.934878603157798E-007  4.977915314481977E-005
 -5.398485614258908E-002 -5.697755914388968E-006 -1.594709339545372E-004
 -1.811528353755924E-002 -6.036734415904066E-005  8.348635852659754E-002
  1.800754385607912E-005  1.953386660030643E-004  2.372929052801262E-002
   1.99749203883707      -7.122740774803190E-003  1.167519137464473E-006
  6.278108952769709E-002  8.238966859076756E-003 -1.501889815466923E-005
 -6.760916848439154E-002 -2.333079417024171E-003 -8.740371027233447E-005
 -1.098074272866338E-002  2.985574249841035E-005  9.613758436363989E-002
 -1.115642551229972E-002  1.945004952324050E-004  0.207939525013049     
 -4.340871214695669E-004 -7.415905180886274E-002  6.757059316204375E-002
 -2.811094761552494E-004  0.126954006323492       0.122147000266569     
  9.965505965261635E-006 -0.106295801375736       4.281029796820559E-004
 -0.206415066192643      -0.198582856654609      -4.010822423407121E-005
  0.208975069219947      -2.381462037158498E-005  2.804773331551848E-004
 -0.195285591387185       1.695386183364313E-005 -1.441431895659757E-003
 -0.136208034636720      -3.389347044597108E-006  0.197196455597522     
  2.386921934425480E-004  1.561807142026845E-003  0.153854466474548     
  0.262029682217419      -7.169007236908849E-003 -5.631472604219913E-005
 -0.496053868334938      -0.371832862244843       7.010808076974052E-004
  0.105115510240074       3.054409193304810E-004  0.637324066005498     
  0.464986857168040      -4.512704137247763E-004   2.08865460888832     
 -6.652225759207471E-003  0.811068174033461       0.709555006474147     
 -2.854023062078506E-003  -2.38169222073692       1.639629314174177E-002
  8.462325172332182E-002  -1.55714447545315       5.840501798309645E-003
   3.23352464823186      -4.614773700955714E-003  4.067266579306565E-003
  0.570075038722595       1.746536863997005E-002  -7.09359305540150     
  9.885062931482315E-003 -9.911805904427147E-003  -1.01182161380951     
   2.26546919773190        1.88596726867392      -4.808831851046108E-003
 -5.036183278090274E-002  8.453824217306756E-003  -4.31985861421710     
  -2.58091965069439       8.178196776788580E-003   3.40859524990413     
 -4.336578934557827E-003  -2.25360496736654      -1.258109859983201E-002
  -2.98063913788179       -6.71839037842270       4.587610366355087E-003
   2.08408405728389       8.418844730390448E-003  -1.17066554469863     
  8.971881857247618E-003  5.357320125970480E-003  -2.57737859683176     
   2.20337798401129      -1.247050819260676E-002   1.18123442944842     
   1.62764512303922      -5.202728386495182E-003   4.18376335316141     
 -6.821238774328383E-003  1.050839556062943E-002  0.644965553465123     
   2.71234285384139        3.07698014608478      -6.643775742312520E-003
   3.89597616763016      -3.401385601765281E-003   2.22853328420248     
   2.05074055539124      -0.312167716732313       5.277904534166821E-002
  3.810321703874584E-004  0.210153005814056      -8.820975545964962E-002
 -4.536620076649103E-004 -0.334125781342194       2.476619647615634E-002
 -4.325167349263116E-002 -1.395348898562737E-004 -0.157300060157569     
  2.046628220259435E-002  1.488248224277452E-004  0.103488620737401     
   2.60376877976942       2.568375370567278E-004 -0.304779125199289     
  -1.90796429398154      -6.010479370023667E-005  0.278801555110653     
   2.46974986705583       1.311593093380943E-003 -6.594549143844192E-005
  -1.67292195738071      -1.323342641311571E-003   2.82444946233723     
  0.280105174298975      -1.325691900308897E-003  -2.45447295821876     
  0.383907489605222      -1.889079650191568E-005 -0.185686172522592     
  0.334249683009516       8.267986816791002E-004  0.584205535019874     
  0.000000000000000E+000  0.000000000000000E+000  0.000000000000000E+000
  0.000000000000000E+000  0.000000000000000E+000  0.000000000000000E+000
  0.000000000000000E+000  0.000000000000000E+000  0.000000000000000E+000
  0.000000000000000E+000  0.000000000000000E+000  0.000000000000000E+000
  0.000000000000000E+000  0.000000000000000E+000  0.000000000000000E+000
  0.000000000000000E+000  0.000000000000000E+000  0.000000000000000E+000
  0.000000000000000E+000  0.000000000000000E+000  0.000000000000000E+000
  0.000000000000000E+000  0.000000000000000E+000  0.000000000000000E+000
  0.000000000000000E+000  0.000000000000000E+000  0.000000000000000E+000
  0.000000000000000E+000  0.000000000000000E+000  0.000000000000000E+000
  0.000000000000000E+000  0.000000000000000E+000  0.000000000000000E+000
  0.000000000000000E+000  0.000000000000000E+000  0.000000000000000E+000
  0.000000000000000E+000  0.000000000000000E+000  0.000000000000000E+000
  0.000000000000000E+000  0.000000000000000E+000  0.000000000000000E+000
  0.000000000000000E+000  0.000000000000000E+000  0.000000000000000E+000
  0.000000000000000E+000  0.000000000000000E+000  0.000000000000000E+000
  0.000000000000000E+000  0.000000000000000E+000  0.000000000000000E+000
  0.000000000000000E+000  0.000000000000000E+000  0.000000000000000E+000
  0.000000000000000E+000  0.000000000000000E+000  0.000000000000000E+000
  0.000000000000000E+000  0.000000000000000E+000  0.000000000000000E+000
  0.000000000000000E+000  0.000000000000000E+000  0.000000000000000E+000
  0.000000000000000E+000  0.000000000000000E+000  0.000000000000000E+000
  0.000000000000000E+000  0.000000000000000E+000  0.000000000000000E+000
  0.000000000000000E+000  0.000000000000000E+000  0.000000000000000E+000
  0.000000000000000E+000  0.000000000000000E+000  0.000000000000000E+000
  0.000000000000000E+000  0.000000000000000E+000  0.000000000000000E+000
  0.000000000000000E+000  0.000000000000000E+000  0.000000000000000E+000
  0.000000000000000E+000  0.000000000000000E+000  0.000000000000000E+000
  0.000000000000000E+000  0.000000000000000E+000  0.000000000000000E+000
  0.000000000000000E+000  0.000000000000000E+000  0.000000000000000E+000
  0.000000000000000E+000  0.000000000000000E+000  0.000000000000000E+000
  0.000000000000000E+000  0.000000000000000E+000  0.000000000000000E+000
  0.000000000000000E+000  0.000000000000000E+000  0.000000000000000E+000
  0.000000000000000E+000  0.000000000000000E+000  0.000000000000000E+000
  0.000000000000000E+000  0.000000000000000E+000  0.000000000000000E+000
  0.000000000000000E+000  0.000000000000000E+000  0.000000000000000E+000
  0.000000000000000E+000  0.000000000000000E+000  0.000000000000000E+000
  0.000000000000000E+000  0.000000000000000E+000  0.000000000000000E+000
  0.000000000000000E+000  0.000000000000000E+000  0.000000000000000E+000
  0.000000000000000E+000  0.000000000000000E+000  0.000000000000000E+000
  0.000000000000000E+000  0.000000000000000E+000  0.000000000000000E+000
  0.000000000000000E+000  0.000000000000000E+000  0.000000000000000E+000
  0.000000000000000E+000  0.000000000000000E+000  0.000000000000000E+000
  0.000000000000000E+000  0.000000000000000E+000  0.000000000000000E+000
  0.000000000000000E+000  0.000000000000000E+000  0.000000000000000E+000
   2.04539790364641      -0.350790979783822      -1.075094461328010E-002
 -2.676244625883611E-004 -9.260084417289921E-002  1.405892031619188E-002
  3.522208294428129E-004  0.173652906347444       2.629352742955395E-002
  2.008812679787907E-003  1.270224546583247E-004  0.101154057706628     
  3.090565049924911E-003 -1.003558484309241E-004 -7.001156201522372E-002
   2.81556626269264      -1.035486361909786E-005  7.883988252915580E-002
  -2.26772430856039      -9.223775187226075E-005 -4.352393819845740E-002
   2.84891317105448      -4.434470471183336E-004 -8.781061782579759E-005
  -2.27892099804990       1.572256107612417E-004   2.68999304245645     
 -4.357512374991208E-002  1.573314274406697E-004  -2.20202301530179     
  0.484920454819744       5.144851582009811E-005  2.140647910338022E-002
  0.490066049400343      -6.550983958199838E-005  0.479821637567705     
  0.000000000000000E+000  0.000000000000000E+000  0.000000000000000E+000
  0.000000000000000E+000  0.000000000000000E+000  0.000000000000000E+000
  0.000000000000000E+000  0.000000000000000E+000  0.000000000000000E+000
  0.000000000000000E+000  0.000000000000000E+000  0.000000000000000E+000
  0.000000000000000E+000  0.000000000000000E+000  0.000000000000000E+000
  0.000000000000000E+000  0.000000000000000E+000  0.000000000000000E+000
  0.000000000000000E+000  0.000000000000000E+000  0.000000000000000E+000
  0.000000000000000E+000  0.000000000000000E+000  0.000000000000000E+000
  0.000000000000000E+000  0.000000000000000E+000  0.000000000000000E+000
  0.000000000000000E+000  0.000000000000000E+000  0.000000000000000E+000
  0.000000000000000E+000  0.000000000000000E+000  0.000000000000000E+000
  0.000000000000000E+000  0.000000000000000E+000  0.000000000000000E+000
  0.000000000000000E+000  0.000000000000000E+000  0.000000000000000E+000
  0.000000000000000E+000  0.000000000000000E+000  0.000000000000000E+000
  0.000000000000000E+000  0.000000000000000E+000  0.000000000000000E+000
  0.000000000000000E+000  0.000000000000000E+000  0.000000000000000E+000
  0.000000000000000E+000  0.000000000000000E+000  0.000000000000000E+000
  0.000000000000000E+000  0.000000000000000E+000  0.000000000000000E+000
  0.000000000000000E+000  0.000000000000000E+000  0.000000000000000E+000
  0.000000000000000E+000  0.000000000000000E+000  0.000000000000000E+000
  0.000000000000000E+000  0.000000000000000E+000  0.000000000000000E+000
  0.000000000000000E+000  0.000000000000000E+000  0.000000000000000E+000
  0.000000000000000E+000  0.000000000000000E+000  0.000000000000000E+000
  0.000000000000000E+000  0.000000000000000E+000  0.000000000000000E+000
  0.000000000000000E+000  0.000000000000000E+000  0.000000000000000E+000
  0.000000000000000E+000  0.000000000000000E+000  0.000000000000000E+000
  0.000000000000000E+000  0.000000000000000E+000  0.000000000000000E+000
  0.000000000000000E+000  0.000000000000000E+000  0.000000000000000E+000
  0.000000000000000E+000  0.000000000000000E+000  0.000000000000000E+000
  0.000000000000000E+000  0.000000000000000E+000  0.000000000000000E+000
  0.000000000000000E+000  0.000000000000000E+000  0.000000000000000E+000
  0.000000000000000E+000  0.000000000000000E+000  0.000000000000000E+000
  0.000000000000000E+000  0.000000000000000E+000  0.000000000000000E+000
  0.000000000000000E+000  0.000000000000000E+000  0.000000000000000E+000
  0.000000000000000E+000  0.000000000000000E+000  0.000000000000000E+000
  0.000000000000000E+000  0.000000000000000E+000  0.000000000000000E+000
  0.000000000000000E+000  0.000000000000000E+000  0.000000000000000E+000
  0.000000000000000E+000  0.000000000000000E+000  0.000000000000000E+000
  0.000000000000000E+000  0.000000000000000E+000  0.000000000000000E+000
  0.000000000000000E+000  0.000000000000000E+000  0.000000000000000E+000
  0.000000000000000E+000  0.000000000000000E+000  0.000000000000000E+000
  0.000000000000000E+000  0.000000000000000E+000  0.000000000000000E+000
  0.000000000000000E+000  0.000000000000000E+000  0.000000000000000E+000
  0.000000000000000E+000  0.000000000000000E+000  0.000000000000000E+000
  0.000000000000000E+000  0.000000000000000E+000  0.000000000000000E+000
   2.05211829910038      -0.337084815165695      -0.112574110179397     
 -2.395381291186675E-004 -6.788469337710035E-002  0.243673777464875     
  5.388030330296238E-004  0.139621495313950       2.654764486109152E-002
  0.150443770838851       3.312114252674008E-004  7.885618464242397E-002
 -8.963952621674481E-002 -1.770974309632608E-004 -4.165314649424805E-002
   2.65962729653936      -4.640753956803647E-004 -9.238090868155809E-002
  -2.06280656613560       5.334283010683186E-004 -2.580759595791499E-003
   2.68141884144388       4.338985949561764E-004  5.327714164175304E-004
  -2.24931804371599       2.565150184427882E-006   2.85545853821500     
 -2.327365681901975E-003  6.636803583747689E-006  -2.21097215290373     
  0.449027680891988      -3.366480898192580E-004  1.047552748615515E-002
  0.509506100023606      -3.943728958817432E-005  0.481228888235210     
  0.000000000000000E+000  0.000000000000000E+000  0.000000000000000E+000
  0.000000000000000E+000  0.000000000000000E+000  0.000000000000000E+000
  0.000000000000000E+000  0.000000000000000E+000  0.000000000000000E+000
  0.000000000000000E+000  0.000000000000000E+000  0.000000000000000E+000
  0.000000000000000E+000  0.000000000000000E+000  0.000000000000000E+000
  0.000000000000000E+000  0.000000000000000E+000  0.000000000000000E+000
  0.000000000000000E+000  0.000000000000000E+000  0.000000000000000E+000
  0.000000000000000E+000  0.000000000000000E+000  0.000000000000000E+000
  0.000000000000000E+000  0.000000000000000E+000  0.000000000000000E+000
  0.000000000000000E+000  0.000000000000000E+000  0.000000000000000E+000
  0.000000000000000E+000  0.000000000000000E+000  0.000000000000000E+000
  0.000000000000000E+000  0.000000000000000E+000  0.000000000000000E+000
  0.000000000000000E+000  0.000000000000000E+000  0.000000000000000E+000
  0.000000000000000E+000  0.000000000000000E+000  0.000000000000000E+000
  0.000000000000000E+000  0.000000000000000E+000  0.000000000000000E+000
  0.000000000000000E+000  0.000000000000000E+000  0.000000000000000E+000
  0.000000000000000E+000  0.000000000000000E+000  0.000000000000000E+000
  0.000000000000000E+000  0.000000000000000E+000  0.000000000000000E+000
  0.000000000000000E+000  0.000000000000000E+000  0.000000000000000E+000
  0.000000000000000E+000  0.000000000000000E+000  0.000000000000000E+000
  0.000000000000000E+000  0.000000000000000E+000  0.000000000000000E+000
  0.000000000000000E+000  0.000000000000000E+000  0.000000000000000E+000
  0.000000000000000E+000  0.000000000000000E+000  0.000000000000000E+000
  0.000000000000000E+000  0.000000000000000E+000  0.000000000000000E+000
  0.000000000000000E+000  0.000000000000000E+000  0.000000000000000E+000
  0.000000000000000E+000  0.000000000000000E+000  0.000000000000000E+000
  0.000000000000000E+000  0.000000000000000E+000  0.000000000000000E+000
  0.000000000000000E+000  0.000000000000000E+000  0.000000000000000E+000
  0.000000000000000E+000  0.000000000000000E+000  0.000000000000000E+000
  0.000000000000000E+000  0.000000000000000E+000  0.000000000000000E+000
  0.000000000000000E+000  0.000000000000000E+000  0.000000000000000E+000
  0.000000000000000E+000  0.000000000000000E+000  0.000000000000000E+000
  0.000000000000000E+000  0.000000000000000E+000  0.000000000000000E+000
  0.000000000000000E+000  0.000000000000000E+000  0.000000000000000E+000
  0.000000000000000E+000  0.000000000000000E+000  0.000000000000000E+000
  0.000000000000000E+000  0.000000000000000E+000  0.000000000000000E+000
  0.000000000000000E+000  0.000000000000000E+000  0.000000000000000E+000
  0.000000000000000E+000  0.000000000000000E+000  0.000000000000000E+000
  0.000000000000000E+000  0.000000000000000E+000  0.000000000000000E+000
  0.000000000000000E+000  0.000000000000000E+000  0.000000000000000E+000
  0.000000000000000E+000  0.000000000000000E+000  0.000000000000000E+000
  0.000000000000000E+000  0.000000000000000E+000  0.000000000000000E+000
  0.000000000000000E+000  0.000000000000000E+000  0.000000000000000E+000
  0.000000000000000E+000  0.000000000000000E+000  0.000000000000000E+000
  0.000000000000000E+000  0.000000000000000E+000  0.000000000000000E+000
   2.03722885486335      -0.328993846612604       7.130041237213681E-003
  3.546926975192251E-004  9.098151879059109E-002 -5.380402197877662E-002
 -5.819756643026198E-004 -0.152461761466570       2.471157647678324E-002
 -4.883152274319826E-002 -2.634294349657463E-004 -7.386517221117327E-002
  2.960312687054978E-002  1.323374006327793E-004  4.612446604589902E-002
   2.72974817401766      -1.544803995582556E-003  3.073774022002070E-002
  -2.19615826849248       1.530132273374440E-003 -3.749419544419370E-002
   2.74245883905638      -5.820083940263072E-004  1.532231563768955E-003
  -2.30039592081683       8.653538193544575E-004   2.58331729392586     
 -3.752798392378863E-002  8.644391177035750E-004  -1.77966761236987     
  0.479800934085871      -9.265116193514468E-004  3.776011796689842E-002
  0.521071315650160      -5.129888703688652E-004  0.343577711414349     
  0.000000000000000E+000  0.000000000000000E+000  0.000000000000000E+000
  0.000000000000000E+000  0.000000000000000E+000  0.000000000000000E+000
  0.000000000000000E+000  0.000000000000000E+000  0.000000000000000E+000
  0.000000000000000E+000  0.000000000000000E+000  0.000000000000000E+000
  0.000000000000000E+000  0.000000000000000E+000  0.000000000000000E+000
  0.000000000000000E+000  0.000000000000000E+000  0.000000000000000E+000
  0.000000000000000E+000  0.000000000000000E+000  0.000000000000000E+000
  0.000000000000000E+000  0.000000000000000E+000  0.000000000000000E+000
  0.000000000000000E+000  0.000000000000000E+000  0.000000000000000E+000
  0.000000000000000E+000  0.000000000000000E+000  0.000000000000000E+000
  0.000000000000000E+000  0.000000000000000E+000  0.000000000000000E+000
  0.000000000000000E+000  0.000000000000000E+000  0.000000000000000E+000
  0.000000000000000E+000  0.000000000000000E+000  0.000000000000000E+000
  0.000000000000000E+000  0.000000000000000E+000  0.000000000000000E+000
  0.000000000000000E+000  0.000000000000000E+000  0.000000000000000E+000
  0.000000000000000E+000  0.000000000000000E+000  0.000000000000000E+000
  0.000000000000000E+000  0.000000000000000E+000  0.000000000000000E+000
  0.000000000000000E+000  0.000000000000000E+000  0.000000000000000E+000
  0.000000000000000E+000  0.000000000000000E+000  0.000000000000000E+000
  0.000000000000000E+000  0.000000000000000E+000  0.000000000000000E+000
  0.000000000000000E+000  0.000000000000000E+000  0.000000000000000E+000
  0.000000000000000E+000  0.000000000000000E+000  0.000000000000000E+000
  0.000000000000000E+000  0.000000000000000E+000  0.000000000000000E+000
  0.000000000000000E+000  0.000000000000000E+000  0.000000000000000E+000
  0.000000000000000E+000  0.000000000000000E+000  0.000000000000000E+000
  0.000000000000000E+000  0.000000000000000E+000  0.000000000000000E+000
  0.000000000000000E+000  0.000000000000000E+000  0.000000000000000E+000
  0.000000000000000E+000  0.000000000000000E+000  0.000000000000000E+000
  0.000000000000000E+000  0.000000000000000E+000  0.000000000000000E+000
  0.000000000000000E+000  0.000000000000000E+000  0.000000000000000E+000
  0.000000000000000E+000  0.000000000000000E+000  0.000000000000000E+000
  0.000000000000000E+000  0.000000000000000E+000  0.000000000000000E+000
  0.000000000000000E+000  0.000000000000000E+000  0.000000000000000E+000
  0.000000000000000E+000  0.000000000000000E+000  0.000000000000000E+000
  0.000000000000000E+000  0.000000000000000E+000  0.000000000000000E+000
  0.000000000000000E+000  0.000000000000000E+000  0.000000000000000E+000
  0.000000000000000E+000  0.000000000000000E+000  0.000000000000000E+000
  0.000000000000000E+000  0.000000000000000E+000  0.000000000000000E+000
  0.000000000000000E+000  0.000000000000000E+000  0.000000000000000E+000
  0.000000000000000E+000  0.000000000000000E+000  0.000000000000000E+000
  0.000000000000000E+000  0.000000000000000E+000  0.000000000000000E+000
  0.000000000000000E+000  0.000000000000000E+000  0.000000000000000E+000
  0.000000000000000E+000  0.000000000000000E+000  0.000000000000000E+000
  0.000000000000000E+000  0.000000000000000E+000  0.000000000000000E+000
  0.000000000000000E+000  0.000000000000000E+000  0.000000000000000E+000
