  0.841909432253060      -0.239126794102171      -0.128365948767307     
  1.030031634534306E-004 -0.277789165402843       7.790102384079234E-003
 -1.039325082773506E-005  1.830777507715130E-002  1.858403266122387E-002
  1.417390639542685E-002 -2.420405421995748E-005  3.491106323770003E-002
 -9.952498876706635E-004  2.081764332453705E-006 -2.739995259162108E-003
  0.987229490324409       1.271945032949373E-003  0.195912241849173     
 -0.130821018845251      -8.963912995582252E-005 -1.603341476600422E-002
   1.01882906293803       9.894277511527157E-004 -8.960692473697463E-005
 -0.134379678725525      -7.303983366807091E-005   1.15839016101965     
 -1.595068728106454E-002 -7.320784703585635E-005 -0.156314985139765     
  4.656675122805173E-003  7.084353305661766E-006  1.400879767446329E-003
  4.762034889067032E-003  6.043096735471361E-006  5.709972453807134E-003
  0.000000000000000E+000  0.000000000000000E+000  0.000000000000000E+000
  0.000000000000000E+000  0.000000000000000E+000  0.000000000000000E+000
  0.000000000000000E+000  0.000000000000000E+000  0.000000000000000E+000
  0.000000000000000E+000  0.000000000000000E+000  0.000000000000000E+000
  0.000000000000000E+000  0.000000000000000E+000  0.000000000000000E+000
  0.000000000000000E+000  0.000000000000000E+000  0.000000000000000E+000
  0.000000000000000E+000  0.000000000000000E+000  0.000000000000000E+000
  0.000000000000000E+000  0.000000000000000E+000  0.000000000000000E+000
  0.000000000000000E+000  0.000000000000000E+000  0.000000000000000E+000
  0.000000000000000E+000  0.000000000000000E+000  0.000000000000000E+000
  0.000000000000000E+000  0.000000000000000E+000  0.000000000000000E+000
  0.000000000000000E+000  0.000000000000000E+000  0.000000000000000E+000
  0.000000000000000E+000  0.000000000000000E+000  0.000000000000000E+000
  0.000000000000000E+000  0.000000000000000E+000  0.000000000000000E+000
  0.000000000000000E+000  0.000000000000000E+000  0.000000000000000E+000
  0.000000000000000E+000  0.000000000000000E+000  0.000000000000000E+000
  0.000000000000000E+000  0.000000000000000E+000  0.000000000000000E+000
  0.000000000000000E+000  0.000000000000000E+000  0.000000000000000E+000
  0.000000000000000E+000  0.000000000000000E+000  0.000000000000000E+000
  0.000000000000000E+000  0.000000000000000E+000  0.000000000000000E+000
  0.000000000000000E+000  0.000000000000000E+000  0.000000000000000E+000
  0.000000000000000E+000  0.000000000000000E+000  0.000000000000000E+000
  0.000000000000000E+000  0.000000000000000E+000  0.000000000000000E+000
  0.000000000000000E+000  0.000000000000000E+000  0.000000000000000E+000
  0.000000000000000E+000  0.000000000000000E+000  0.000000000000000E+000
  0.000000000000000E+000  0.000000000000000E+000  0.000000000000000E+000
  0.000000000000000E+000  0.000000000000000E+000  0.000000000000000E+000
  0.000000000000000E+000  0.000000000000000E+000  0.000000000000000E+000
  0.000000000000000E+000  0.000000000000000E+000  0.000000000000000E+000
  0.000000000000000E+000  0.000000000000000E+000  0.000000000000000E+000
  0.000000000000000E+000  0.000000000000000E+000  0.000000000000000E+000
  0.000000000000000E+000  0.000000000000000E+000  0.000000000000000E+000
  0.000000000000000E+000  0.000000000000000E+000  0.000000000000000E+000
  0.000000000000000E+000  0.000000000000000E+000  0.000000000000000E+000
  0.000000000000000E+000  0.000000000000000E+000  0.000000000000000E+000
  0.000000000000000E+000  0.000000000000000E+000  0.000000000000000E+000
  0.000000000000000E+000  0.000000000000000E+000  0.000000000000000E+000
  0.000000000000000E+000  0.000000000000000E+000  0.000000000000000E+000
  0.000000000000000E+000  0.000000000000000E+000  0.000000000000000E+000
  0.000000000000000E+000  0.000000000000000E+000  0.000000000000000E+000
  0.000000000000000E+000  0.000000000000000E+000  0.000000000000000E+000
  0.000000000000000E+000  0.000000000000000E+000  0.000000000000000E+000
  0.000000000000000E+000  0.000000000000000E+000  0.000000000000000E+000
  0.000000000000000E+000  0.000000000000000E+000  0.000000000000000E+000
  0.000000000000000E+000  0.000000000000000E+000  0.000000000000000E+000
  0.924337373667038      -0.263038826033579       5.689736888816558E-002
  4.161709744179455E-005  4.906795380339207E-002 -1.458615753563857E-003
  2.759937542435469E-006 -1.410130479852396E-003  2.076534066483827E-002
 -1.447711489204885E-003  1.307985291329634E-005 -2.170520965568317E-003
 -2.943076980465827E-004 -1.711802967147809E-006 -4.264189115017132E-005
   1.23619116103395      -5.822375729651458E-004 -0.357612199185979     
 -0.167180595155146       4.310846542251378E-005  2.766655705252347E-002
   1.18520387494825      -2.722105379957598E-004  4.285055170751409E-005
 -0.157571517184730       2.599922416667239E-005   1.21845199978746     
  2.741864141008726E-002  2.521599207951492E-005 -0.159964576664597     
  6.157932617335667E-003 -3.519950273532563E-006 -2.355171019087862E-003
  5.681632923064442E-003 -2.385786688872769E-006  5.726336322061491E-003
  0.000000000000000E+000  0.000000000000000E+000  0.000000000000000E+000
  0.000000000000000E+000  0.000000000000000E+000  0.000000000000000E+000
  0.000000000000000E+000  0.000000000000000E+000  0.000000000000000E+000
  0.000000000000000E+000  0.000000000000000E+000  0.000000000000000E+000
  0.000000000000000E+000  0.000000000000000E+000  0.000000000000000E+000
  0.000000000000000E+000  0.000000000000000E+000  0.000000000000000E+000
  0.000000000000000E+000  0.000000000000000E+000  0.000000000000000E+000
  0.000000000000000E+000  0.000000000000000E+000  0.000000000000000E+000
  0.000000000000000E+000  0.000000000000000E+000  0.000000000000000E+000
  0.000000000000000E+000  0.000000000000000E+000  0.000000000000000E+000
  0.000000000000000E+000  0.000000000000000E+000  0.000000000000000E+000
  0.000000000000000E+000  0.000000000000000E+000  0.000000000000000E+000
  0.000000000000000E+000  0.000000000000000E+000  0.000000000000000E+000
  0.000000000000000E+000  0.000000000000000E+000  0.000000000000000E+000
  0.000000000000000E+000  0.000000000000000E+000  0.000000000000000E+000
  0.000000000000000E+000  0.000000000000000E+000  0.000000000000000E+000
  0.000000000000000E+000  0.000000000000000E+000  0.000000000000000E+000
  0.000000000000000E+000  0.000000000000000E+000  0.000000000000000E+000
  0.000000000000000E+000  0.000000000000000E+000  0.000000000000000E+000
  0.000000000000000E+000  0.000000000000000E+000  0.000000000000000E+000
  0.000000000000000E+000  0.000000000000000E+000  0.000000000000000E+000
  0.000000000000000E+000  0.000000000000000E+000  0.000000000000000E+000
  0.000000000000000E+000  0.000000000000000E+000  0.000000000000000E+000
  0.000000000000000E+000  0.000000000000000E+000  0.000000000000000E+000
  0.000000000000000E+000  0.000000000000000E+000  0.000000000000000E+000
  0.000000000000000E+000  0.000000000000000E+000  0.000000000000000E+000
  0.000000000000000E+000  0.000000000000000E+000  0.000000000000000E+000
  0.000000000000000E+000  0.000000000000000E+000  0.000000000000000E+000
  0.000000000000000E+000  0.000000000000000E+000  0.000000000000000E+000
  0.000000000000000E+000  0.000000000000000E+000  0.000000000000000E+000
  0.000000000000000E+000  0.000000000000000E+000  0.000000000000000E+000
  0.000000000000000E+000  0.000000000000000E+000  0.000000000000000E+000
  0.000000000000000E+000  0.000000000000000E+000  0.000000000000000E+000
  0.000000000000000E+000  0.000000000000000E+000  0.000000000000000E+000
  0.000000000000000E+000  0.000000000000000E+000  0.000000000000000E+000
  0.000000000000000E+000  0.000000000000000E+000  0.000000000000000E+000
  0.000000000000000E+000  0.000000000000000E+000  0.000000000000000E+000
  0.000000000000000E+000  0.000000000000000E+000  0.000000000000000E+000
  0.000000000000000E+000  0.000000000000000E+000  0.000000000000000E+000
  0.000000000000000E+000  0.000000000000000E+000  0.000000000000000E+000
  0.000000000000000E+000  0.000000000000000E+000  0.000000000000000E+000
  0.000000000000000E+000  0.000000000000000E+000  0.000000000000000E+000
  0.000000000000000E+000  0.000000000000000E+000  0.000000000000000E+000
  0.000000000000000E+000  0.000000000000000E+000  0.000000000000000E+000
  0.000000000000000E+000  0.000000000000000E+000  0.000000000000000E+000
   2.01315663584194      -6.866443037895681E-002 -1.625975992262045E-003
 -3.387798967255887E-006  7.872320999133747E-005  5.356472524293683E-003
  7.494823028919922E-006 -1.453118762977542E-003  3.338225713248264E-002
  2.069613897256290E-004  6.038875979553036E-002  6.604826991310309E-002
 -1.216482118601128E-004 -6.300938310879661E-002 -4.150692815020767E-004
 -0.128281474699759      -0.142363104633974       2.608287581212945E-004
  0.878042566188277       2.214400889769933E-002  3.970985883579643E-005
 -4.920547754441632E-003  0.132766577003564       1.053199089630460E-004
 -9.766553404643970E-002  0.119147254877578       1.484953554866359E-003
  0.462218522581715       0.422496334276906      -7.311748665703520E-004
 -0.354817937496916      -3.005010126885555E-003 -0.815841398568306     
 -0.523207214503444       5.293068169615040E-004   2.00044038172029     
  2.910045243142575E-006  8.443595841081616E-004  2.478417583800358E-002
 -3.677078392328398E-005 -8.261661558081668E-003 -4.908412794065031E-002
 -1.181605506848345E-004 -3.650347141593351E-003  5.724687649377926E-003
 -1.820196499442489E-005  8.667978690222289E-002  2.073635756012723E-004
  1.150274492233117E-002 -6.621584288593945E-003  4.784037920208833E-005
   2.00049357911071      -1.840345637279185E-006 -3.687151951516494E-005
  2.617094936023859E-002  1.057474181996465E-005  5.735634259826520E-005
 -4.451852700381984E-002 -2.535993523469581E-005 -9.726146022899009E-005
 -6.422087075007984E-003 -7.389376546805701E-005  6.423516267970557E-002
  5.956662078176148E-005  4.755232373514796E-005 -3.648709063789943E-003
   1.99947056393663      -8.341364602242494E-003  9.921379435780386E-006
  4.141408358847090E-002  8.046330044863711E-003 -1.532902696422635E-005
 -5.957560124877029E-002  7.161952623537726E-003 -1.218151504160262E-004
 -1.413816371701021E-002  2.672693677677493E-005  7.751374117649483E-002
 -3.395916427017390E-002  2.891337474730472E-004  0.206616831643695     
 -3.062011413901730E-004 -7.627897075020537E-002  7.646599800020017E-002
  2.344848195314165E-004  0.142511546179325       0.116958123391085     
  7.587005507094587E-005 -0.118429663025710      -3.318343351752547E-004
 -0.208323634103238      -0.192219473026162       1.260593433734776E-004
  0.209307171464997       7.677750866689673E-005  4.480177156847205E-004
 -0.228221850891808       5.726304926610721E-006 -1.815894266040187E-003
 -0.194126220201907      -4.825023297365531E-004  0.272730623834499     
  3.045517735373436E-004  1.879602211730878E-003  0.169453052998644     
  0.265988153280089      -3.960146077754247E-002 -1.170063378408459E-004
 -0.534495269924202      -0.426701336164869       1.247782519456458E-003
  8.300084055099440E-002  3.139137228868370E-004  0.730323530094909     
  0.540675865898219      -1.257992180604851E-003   3.08252838370162     
 -6.655538065214280E-003  0.983904584350509        1.07353613174249     
 -4.743778361354157E-003  -4.35370775561042       1.874631797244564E-002
 -0.599878451193840       -2.49175980498388       1.110139818103810E-002
   4.31393493676408      -5.612443444598551E-003  7.664958477050792E-003
  0.765302425257040       1.900562384582915E-002  -10.2201391763603     
  1.265414823620871E-002 -1.703819403375480E-002  -1.29312228707290     
   3.35956597494716        2.22142103477722      -7.596503920564406E-003
 -0.591962108943623       1.265126922926666E-002  -6.45312768911509     
  -3.67388060083165       1.374961657359876E-002   4.53227906112612     
 -8.301788419230195E-003  -2.64834992896381      -1.783395123912982E-002
  -3.73881165107571       -9.63750193707282       1.084762796166956E-002
   2.82604063036996       1.196585455069167E-002  -1.37037600991617     
  1.399933554559118E-002  1.088019558658864E-002  -4.61194047955065     
   2.54444810732232      -2.298395639886927E-002  0.907771366323612     
   3.07817812273097      -1.381440548754731E-002   6.19854099475316     
 -1.562917237157323E-002  2.149771517726858E-002   1.57034053177670     
   3.76504343991973        4.68333186114800      -1.718303218162423E-002
   5.75350028803530      -1.348908251325274E-002   2.63887079253709     
   2.11005360238682      -0.464180005720585       6.300075451588509E-002
  4.974083672474849E-004  0.211239270136730      -9.826974960936309E-002
 -8.280932816772035E-004 -0.352691129166341       3.576940665827658E-002
 -4.757064408334858E-002 -4.426967560809913E-004 -0.185614810765598     
  3.017468235867220E-002  3.261298314899010E-004  0.144154909620601     
   3.38584783407795      -3.420737920620374E-004 -0.383189000957988     
  -3.46504772404357       3.302967026959243E-004  0.374583779872717     
   3.28463718396866       7.644008059562396E-004  3.675178987500549E-004
  -3.22976429971493      -1.057070756725753E-003   3.63716213362964     
  0.375129710329156      -1.061192846628838E-003  -4.13373328024869     
  0.913011577773115      -2.702858098621600E-004 -0.290849652922822     
  0.821923166639281       9.571341385207718E-004   1.21252862638645     
  0.000000000000000E+000  0.000000000000000E+000  0.000000000000000E+000
  0.000000000000000E+000  0.000000000000000E+000  0.000000000000000E+000
  0.000000000000000E+000  0.000000000000000E+000  0.000000000000000E+000
  0.000000000000000E+000  0.000000000000000E+000  0.000000000000000E+000
  0.000000000000000E+000  0.000000000000000E+000  0.000000000000000E+000
  0.000000000000000E+000  0.000000000000000E+000  0.000000000000000E+000
  0.000000000000000E+000  0.000000000000000E+000  0.000000000000000E+000
  0.000000000000000E+000  0.000000000000000E+000  0.000000000000000E+000
  0.000000000000000E+000  0.000000000000000E+000  0.000000000000000E+000
  0.000000000000000E+000  0.000000000000000E+000  0.000000000000000E+000
  0.000000000000000E+000  0.000000000000000E+000  0.000000000000000E+000
  0.000000000000000E+000  0.000000000000000E+000  0.000000000000000E+000
  0.000000000000000E+000  0.000000000000000E+000  0.000000000000000E+000
  0.000000000000000E+000  0.000000000000000E+000  0.000000000000000E+000
  0.000000000000000E+000  0.000000000000000E+000  0.000000000000000E+000
  0.000000000000000E+000  0.000000000000000E+000  0.000000000000000E+000
  0.000000000000000E+000  0.000000000000000E+000  0.000000000000000E+000
  0.000000000000000E+000  0.000000000000000E+000  0.000000000000000E+000
  0.000000000000000E+000  0.000000000000000E+000  0.000000000000000E+000
  0.000000000000000E+000  0.000000000000000E+000  0.000000000000000E+000
  0.000000000000000E+000  0.000000000000000E+000  0.000000000000000E+000
  0.000000000000000E+000  0.000000000000000E+000  0.000000000000000E+000
  0.000000000000000E+000  0.000000000000000E+000  0.000000000000000E+000
  0.000000000000000E+000  0.000000000000000E+000  0.000000000000000E+000
  0.000000000000000E+000  0.000000000000000E+000  0.000000000000000E+000
  0.000000000000000E+000  0.000000000000000E+000  0.000000000000000E+000
  0.000000000000000E+000  0.000000000000000E+000  0.000000000000000E+000
  0.000000000000000E+000  0.000000000000000E+000  0.000000000000000E+000
  0.000000000000000E+000  0.000000000000000E+000  0.000000000000000E+000
  0.000000000000000E+000  0.000000000000000E+000  0.000000000000000E+000
  0.000000000000000E+000  0.000000000000000E+000  0.000000000000000E+000
  0.000000000000000E+000  0.000000000000000E+000  0.000000000000000E+000
  0.000000000000000E+000  0.000000000000000E+000  0.000000000000000E+000
  0.000000000000000E+000  0.000000000000000E+000  0.000000000000000E+000
  0.000000000000000E+000  0.000000000000000E+000  0.000000000000000E+000
  0.000000000000000E+000  0.000000000000000E+000  0.000000000000000E+000
  0.000000000000000E+000  0.000000000000000E+000  0.000000000000000E+000
  0.000000000000000E+000  0.000000000000000E+000  0.000000000000000E+000
  0.000000000000000E+000  0.000000000000000E+000  0.000000000000000E+000
  0.000000000000000E+000  0.000000000000000E+000  0.000000000000000E+000
  0.000000000000000E+000  0.000000000000000E+000  0.000000000000000E+000
  0.000000000000000E+000  0.000000000000000E+000  0.000000000000000E+000
  0.000000000000000E+000  0.000000000000000E+000  0.000000000000000E+000
  0.000000000000000E+000  0.000000000000000E+000  0.000000000000000E+000
  0.000000000000000E+000  0.000000000000000E+000  0.000000000000000E+000
   2.10583561655614      -0.507198009518447      -1.279864659685198E-002
 -1.771692199991856E-004 -8.825271481441521E-002  1.451461066626332E-002
  3.425365564313428E-004  0.180795151249219       3.903276082762745E-002
  1.031866444629628E-003  2.124581885067346E-004  0.118238144608118     
  2.583658472652482E-003 -1.603245938451489E-004 -9.317805309698979E-002
   3.65297983374310      -7.259860389056537E-005  0.101645635223589     
  -3.93934769720432      -1.088408967963640E-005 -5.923358879186234E-002
   3.70574718190462      -5.792120433319281E-004 -1.141959598266191E-005
  -3.97345039135987       1.014972118254907E-004   3.50592498703780     
 -5.868225415090500E-002  1.228182728800864E-004  -3.86872694288445     
   1.08074738401760       2.431901337312294E-005  3.197027114961950E-002
   1.08512858425371       3.974919118236801E-005   1.08553804337599     
  0.000000000000000E+000  0.000000000000000E+000  0.000000000000000E+000
  0.000000000000000E+000  0.000000000000000E+000  0.000000000000000E+000
  0.000000000000000E+000  0.000000000000000E+000  0.000000000000000E+000
  0.000000000000000E+000  0.000000000000000E+000  0.000000000000000E+000
  0.000000000000000E+000  0.000000000000000E+000  0.000000000000000E+000
  0.000000000000000E+000  0.000000000000000E+000  0.000000000000000E+000
  0.000000000000000E+000  0.000000000000000E+000  0.000000000000000E+000
  0.000000000000000E+000  0.000000000000000E+000  0.000000000000000E+000
  0.000000000000000E+000  0.000000000000000E+000  0.000000000000000E+000
  0.000000000000000E+000  0.000000000000000E+000  0.000000000000000E+000
  0.000000000000000E+000  0.000000000000000E+000  0.000000000000000E+000
  0.000000000000000E+000  0.000000000000000E+000  0.000000000000000E+000
  0.000000000000000E+000  0.000000000000000E+000  0.000000000000000E+000
  0.000000000000000E+000  0.000000000000000E+000  0.000000000000000E+000
  0.000000000000000E+000  0.000000000000000E+000  0.000000000000000E+000
  0.000000000000000E+000  0.000000000000000E+000  0.000000000000000E+000
  0.000000000000000E+000  0.000000000000000E+000  0.000000000000000E+000
  0.000000000000000E+000  0.000000000000000E+000  0.000000000000000E+000
  0.000000000000000E+000  0.000000000000000E+000  0.000000000000000E+000
  0.000000000000000E+000  0.000000000000000E+000  0.000000000000000E+000
  0.000000000000000E+000  0.000000000000000E+000  0.000000000000000E+000
  0.000000000000000E+000  0.000000000000000E+000  0.000000000000000E+000
  0.000000000000000E+000  0.000000000000000E+000  0.000000000000000E+000
  0.000000000000000E+000  0.000000000000000E+000  0.000000000000000E+000
  0.000000000000000E+000  0.000000000000000E+000  0.000000000000000E+000
  0.000000000000000E+000  0.000000000000000E+000  0.000000000000000E+000
  0.000000000000000E+000  0.000000000000000E+000  0.000000000000000E+000
  0.000000000000000E+000  0.000000000000000E+000  0.000000000000000E+000
  0.000000000000000E+000  0.000000000000000E+000  0.000000000000000E+000
  0.000000000000000E+000  0.000000000000000E+000  0.000000000000000E+000
  0.000000000000000E+000  0.000000000000000E+000  0.000000000000000E+000
  0.000000000000000E+000  0.000000000000000E+000  0.000000000000000E+000
  0.000000000000000E+000  0.000000000000000E+000  0.000000000000000E+000
  0.000000000000000E+000  0.000000000000000E+000  0.000000000000000E+000
  0.000000000000000E+000  0.000000000000000E+000  0.000000000000000E+000
  0.000000000000000E+000  0.000000000000000E+000  0.000000000000000E+000
  0.000000000000000E+000  0.000000000000000E+000  0.000000000000000E+000
  0.000000000000000E+000  0.000000000000000E+000  0.000000000000000E+000
  0.000000000000000E+000  0.000000000000000E+000  0.000000000000000E+000
  0.000000000000000E+000  0.000000000000000E+000  0.000000000000000E+000
  0.000000000000000E+000  0.000000000000000E+000  0.000000000000000E+000
  0.000000000000000E+000  0.000000000000000E+000  0.000000000000000E+000
  0.000000000000000E+000  0.000000000000000E+000  0.000000000000000E+000
  0.000000000000000E+000  0.000000000000000E+000  0.000000000000000E+000
  0.000000000000000E+000  0.000000000000000E+000  0.000000000000000E+000
   2.11117516195828      -0.484135402894931      -0.110496642770287     
 -2.523224023596099E-004 -7.092994187718188E-002  0.264209169857320     
  6.336143298014993E-004  0.152406977842026       3.861000517998844E-002
  0.184913695182474       4.419107072934721E-004  9.497005184169272E-002
 -0.133442277535569      -3.045927204589035E-004 -6.471979940241523E-002
   3.44609474114497      -3.535641547083642E-004 -8.627627238357931E-002
  -3.64460104703442       4.154854928559563E-004 -2.011203340150921E-002
   3.46673209661054       5.502390995813984E-004  4.199704247930291E-004
  -3.88378166445837       1.471804393853139E-004   3.67345021159274     
 -2.053114238853446E-002  1.337681754718650E-004  -3.79115795737816     
  0.996860913667278      -3.242465870282299E-004  4.415565336796325E-002
   1.10895047883220      -2.656941954378848E-004   1.01442150659789     
  0.000000000000000E+000  0.000000000000000E+000  0.000000000000000E+000
  0.000000000000000E+000  0.000000000000000E+000  0.000000000000000E+000
  0.000000000000000E+000  0.000000000000000E+000  0.000000000000000E+000
  0.000000000000000E+000  0.000000000000000E+000  0.000000000000000E+000
  0.000000000000000E+000  0.000000000000000E+000  0.000000000000000E+000
  0.000000000000000E+000  0.000000000000000E+000  0.000000000000000E+000
  0.000000000000000E+000  0.000000000000000E+000  0.000000000000000E+000
  0.000000000000000E+000  0.000000000000000E+000  0.000000000000000E+000
  0.000000000000000E+000  0.000000000000000E+000  0.000000000000000E+000
  0.000000000000000E+000  0.000000000000000E+000  0.000000000000000E+000
  0.000000000000000E+000  0.000000000000000E+000  0.000000000000000E+000
  0.000000000000000E+000  0.000000000000000E+000  0.000000000000000E+000
  0.000000000000000E+000  0.000000000000000E+000  0.000000000000000E+000
  0.000000000000000E+000  0.000000000000000E+000  0.000000000000000E+000
  0.000000000000000E+000  0.000000000000000E+000  0.000000000000000E+000
  0.000000000000000E+000  0.000000000000000E+000  0.000000000000000E+000
  0.000000000000000E+000  0.000000000000000E+000  0.000000000000000E+000
  0.000000000000000E+000  0.000000000000000E+000  0.000000000000000E+000
  0.000000000000000E+000  0.000000000000000E+000  0.000000000000000E+000
  0.000000000000000E+000  0.000000000000000E+000  0.000000000000000E+000
  0.000000000000000E+000  0.000000000000000E+000  0.000000000000000E+000
  0.000000000000000E+000  0.000000000000000E+000  0.000000000000000E+000
  0.000000000000000E+000  0.000000000000000E+000  0.000000000000000E+000
  0.000000000000000E+000  0.000000000000000E+000  0.000000000000000E+000
  0.000000000000000E+000  0.000000000000000E+000  0.000000000000000E+000
  0.000000000000000E+000  0.000000000000000E+000  0.000000000000000E+000
  0.000000000000000E+000  0.000000000000000E+000  0.000000000000000E+000
  0.000000000000000E+000  0.000000000000000E+000  0.000000000000000E+000
  0.000000000000000E+000  0.000000000000000E+000  0.000000000000000E+000
  0.000000000000000E+000  0.000000000000000E+000  0.000000000000000E+000
  0.000000000000000E+000  0.000000000000000E+000  0.000000000000000E+000
  0.000000000000000E+000  0.000000000000000E+000  0.000000000000000E+000
  0.000000000000000E+000  0.000000000000000E+000  0.000000000000000E+000
  0.000000000000000E+000  0.000000000000000E+000  0.000000000000000E+000
  0.000000000000000E+000  0.000000000000000E+000  0.000000000000000E+000
  0.000000000000000E+000  0.000000000000000E+000  0.000000000000000E+000
  0.000000000000000E+000  0.000000000000000E+000  0.000000000000000E+000
  0.000000000000000E+000  0.000000000000000E+000  0.000000000000000E+000
  0.000000000000000E+000  0.000000000000000E+000  0.000000000000000E+000
  0.000000000000000E+000  0.000000000000000E+000  0.000000000000000E+000
  0.000000000000000E+000  0.000000000000000E+000  0.000000000000000E+000
  0.000000000000000E+000  0.000000000000000E+000  0.000000000000000E+000
  0.000000000000000E+000  0.000000000000000E+000  0.000000000000000E+000
  0.000000000000000E+000  0.000000000000000E+000  0.000000000000000E+000
  0.000000000000000E+000  0.000000000000000E+000  0.000000000000000E+000
   2.09546716648348      -0.477165242763206      -4.652925672950584E-003
 -1.370217550813167E-004  9.450852118915198E-002 -5.706087037310063E-002
  1.704091713727563E-005 -0.159685845619080       3.605438263305188E-002
 -6.747046136041758E-002 -9.469979847717730E-005 -8.219206038497359E-002
  4.818204819647357E-002  6.318757448998708E-005  6.107713770101249E-002
   3.53914374933705       8.225828241625074E-005  1.536960435048207E-002
  -3.82012464062698       1.593783125529834E-004 -4.981588522485811E-002
   3.53076514978898      -3.590227550058069E-004  1.607474837103828E-004
  -3.92346156968220       9.990837786115257E-004   3.36058279576056     
 -4.931793214763766E-002  9.924810393586120E-004  -3.28292506004938     
   1.05520126409182      -1.783565862701966E-004  5.406769986238141E-002
   1.11221021405313      -9.285617165171706E-004  0.824409468797887     
  0.000000000000000E+000  0.000000000000000E+000  0.000000000000000E+000
  0.000000000000000E+000  0.000000000000000E+000  0.000000000000000E+000
  0.000000000000000E+000  0.000000000000000E+000  0.000000000000000E+000
  0.000000000000000E+000  0.000000000000000E+000  0.000000000000000E+000
  0.000000000000000E+000  0.000000000000000E+000  0.000000000000000E+000
  0.000000000000000E+000  0.000000000000000E+000  0.000000000000000E+000
  0.000000000000000E+000  0.000000000000000E+000  0.000000000000000E+000
  0.000000000000000E+000  0.000000000000000E+000  0.000000000000000E+000
  0.000000000000000E+000  0.000000000000000E+000  0.000000000000000E+000
  0.000000000000000E+000  0.000000000000000E+000  0.000000000000000E+000
  0.000000000000000E+000  0.000000000000000E+000  0.000000000000000E+000
  0.000000000000000E+000  0.000000000000000E+000  0.000000000000000E+000
  0.000000000000000E+000  0.000000000000000E+000  0.000000000000000E+000
  0.000000000000000E+000  0.000000000000000E+000  0.000000000000000E+000
  0.000000000000000E+000  0.000000000000000E+000  0.000000000000000E+000
  0.000000000000000E+000  0.000000000000000E+000  0.000000000000000E+000
  0.000000000000000E+000  0.000000000000000E+000  0.000000000000000E+000
  0.000000000000000E+000  0.000000000000000E+000  0.000000000000000E+000
  0.000000000000000E+000  0.000000000000000E+000  0.000000000000000E+000
  0.000000000000000E+000  0.000000000000000E+000  0.000000000000000E+000
  0.000000000000000E+000  0.000000000000000E+000  0.000000000000000E+000
  0.000000000000000E+000  0.000000000000000E+000  0.000000000000000E+000
  0.000000000000000E+000  0.000000000000000E+000  0.000000000000000E+000
  0.000000000000000E+000  0.000000000000000E+000  0.000000000000000E+000
  0.000000000000000E+000  0.000000000000000E+000  0.000000000000000E+000
  0.000000000000000E+000  0.000000000000000E+000  0.000000000000000E+000
  0.000000000000000E+000  0.000000000000000E+000  0.000000000000000E+000
  0.000000000000000E+000  0.000000000000000E+000  0.000000000000000E+000
  0.000000000000000E+000  0.000000000000000E+000  0.000000000000000E+000
  0.000000000000000E+000  0.000000000000000E+000  0.000000000000000E+000
  0.000000000000000E+000  0.000000000000000E+000  0.000000000000000E+000
  0.000000000000000E+000  0.000000000000000E+000  0.000000000000000E+000
  0.000000000000000E+000  0.000000000000000E+000  0.000000000000000E+000
  0.000000000000000E+000  0.000000000000000E+000  0.000000000000000E+000
  0.000000000000000E+000  0.000000000000000E+000  0.000000000000000E+000
  0.000000000000000E+000  0.000000000000000E+000  0.000000000000000E+000
  0.000000000000000E+000  0.000000000000000E+000  0.000000000000000E+000
  0.000000000000000E+000  0.000000000000000E+000  0.000000000000000E+000
  0.000000000000000E+000  0.000000000000000E+000  0.000000000000000E+000
  0.000000000000000E+000  0.000000000000000E+000  0.000000000000000E+000
  0.000000000000000E+000  0.000000000000000E+000  0.000000000000000E+000
  0.000000000000000E+000  0.000000000000000E+000  0.000000000000000E+000
  0.000000000000000E+000  0.000000000000000E+000  0.000000000000000E+000
  0.000000000000000E+000  0.000000000000000E+000  0.000000000000000E+000
  0.000000000000000E+000  0.000000000000000E+000  0.000000000000000E+000
