  0.885605403285777      -0.150230759326514      -0.116847250854384     
  1.745719729271782E-004 -0.280513158966497       5.636373297946210E-003
 -1.373149039219641E-005  1.429835296422642E-002  8.925201228279868E-003
  6.634252120809998E-003 -2.188267226371459E-005  1.786915178895473E-002
 -5.080801046229065E-004  1.718385710299105E-006 -1.542551018959693E-003
   1.04986486377203       1.128676495187942E-003  0.201350182813159     
 -0.102086842932693      -6.216857784236322E-005 -1.339420493562004E-002
   1.08432837055544       1.031075554253075E-003 -6.208468151095747E-005
 -0.104617733824863      -6.060743436870299E-005   1.22649028764071     
 -1.332717441166774E-002 -6.091041035207881E-005 -0.122932119161177     
  2.882152505222863E-003  4.240236289254202E-006  9.977032483516320E-004
  2.934126053407095E-003  4.351836683826989E-006  3.619090688247643E-003
  0.000000000000000E+000  0.000000000000000E+000  0.000000000000000E+000
  0.000000000000000E+000  0.000000000000000E+000  0.000000000000000E+000
  0.000000000000000E+000  0.000000000000000E+000  0.000000000000000E+000
  0.000000000000000E+000  0.000000000000000E+000  0.000000000000000E+000
  0.000000000000000E+000  0.000000000000000E+000  0.000000000000000E+000
  0.000000000000000E+000  0.000000000000000E+000  0.000000000000000E+000
  0.000000000000000E+000  0.000000000000000E+000  0.000000000000000E+000
  0.000000000000000E+000  0.000000000000000E+000  0.000000000000000E+000
  0.000000000000000E+000  0.000000000000000E+000  0.000000000000000E+000
  0.000000000000000E+000  0.000000000000000E+000  0.000000000000000E+000
  0.000000000000000E+000  0.000000000000000E+000  0.000000000000000E+000
  0.000000000000000E+000  0.000000000000000E+000  0.000000000000000E+000
  0.000000000000000E+000  0.000000000000000E+000  0.000000000000000E+000
  0.000000000000000E+000  0.000000000000000E+000  0.000000000000000E+000
  0.000000000000000E+000  0.000000000000000E+000  0.000000000000000E+000
  0.000000000000000E+000  0.000000000000000E+000  0.000000000000000E+000
  0.000000000000000E+000  0.000000000000000E+000  0.000000000000000E+000
  0.000000000000000E+000  0.000000000000000E+000  0.000000000000000E+000
  0.000000000000000E+000  0.000000000000000E+000  0.000000000000000E+000
  0.000000000000000E+000  0.000000000000000E+000  0.000000000000000E+000
  0.000000000000000E+000  0.000000000000000E+000  0.000000000000000E+000
  0.000000000000000E+000  0.000000000000000E+000  0.000000000000000E+000
  0.000000000000000E+000  0.000000000000000E+000  0.000000000000000E+000
  0.000000000000000E+000  0.000000000000000E+000  0.000000000000000E+000
  0.000000000000000E+000  0.000000000000000E+000  0.000000000000000E+000
  0.000000000000000E+000  0.000000000000000E+000  0.000000000000000E+000
  0.000000000000000E+000  0.000000000000000E+000  0.000000000000000E+000
  0.000000000000000E+000  0.000000000000000E+000  0.000000000000000E+000
  0.000000000000000E+000  0.000000000000000E+000  0.000000000000000E+000
  0.000000000000000E+000  0.000000000000000E+000  0.000000000000000E+000
  0.000000000000000E+000  0.000000000000000E+000  0.000000000000000E+000
  0.000000000000000E+000  0.000000000000000E+000  0.000000000000000E+000
  0.000000000000000E+000  0.000000000000000E+000  0.000000000000000E+000
  0.000000000000000E+000  0.000000000000000E+000  0.000000000000000E+000
  0.000000000000000E+000  0.000000000000000E+000  0.000000000000000E+000
  0.000000000000000E+000  0.000000000000000E+000  0.000000000000000E+000
  0.000000000000000E+000  0.000000000000000E+000  0.000000000000000E+000
  0.000000000000000E+000  0.000000000000000E+000  0.000000000000000E+000
  0.000000000000000E+000  0.000000000000000E+000  0.000000000000000E+000
  0.000000000000000E+000  0.000000000000000E+000  0.000000000000000E+000
  0.000000000000000E+000  0.000000000000000E+000  0.000000000000000E+000
  0.000000000000000E+000  0.000000000000000E+000  0.000000000000000E+000
  0.000000000000000E+000  0.000000000000000E+000  0.000000000000000E+000
  0.000000000000000E+000  0.000000000000000E+000  0.000000000000000E+000
  0.000000000000000E+000  0.000000000000000E+000  0.000000000000000E+000
  0.970710318746868      -0.163484521733259       3.918318108351828E-002
 -1.224879479627661E-007  4.913337493696771E-002 -7.818644481966740E-005
  6.953980659518752E-006 -6.492535981977002E-004  1.020055908055340E-002
  3.345137243545250E-003  1.379844595511164E-005  1.636824415819647E-003
 -4.437522447037148E-004 -1.525409304409166E-006 -1.087316847426456E-004
   1.30673686878569      -3.272160057349502E-004 -0.367162362732448     
 -0.131867449655927       2.115264917888573E-005  2.249589794421166E-002
   1.23763248902650      -1.036620714399369E-004  2.066774927170601E-005
 -0.122984783697983       1.682086162461240E-005   1.29635516891311     
  2.233499079618424E-002  1.681299859198392E-005 -0.124522548336698     
  3.953915436425834E-003 -1.484884881363047E-006 -1.661510904207177E-003
  3.589495708002279E-003 -1.510639749555533E-006  3.586822208130903E-003
  0.000000000000000E+000  0.000000000000000E+000  0.000000000000000E+000
  0.000000000000000E+000  0.000000000000000E+000  0.000000000000000E+000
  0.000000000000000E+000  0.000000000000000E+000  0.000000000000000E+000
  0.000000000000000E+000  0.000000000000000E+000  0.000000000000000E+000
  0.000000000000000E+000  0.000000000000000E+000  0.000000000000000E+000
  0.000000000000000E+000  0.000000000000000E+000  0.000000000000000E+000
  0.000000000000000E+000  0.000000000000000E+000  0.000000000000000E+000
  0.000000000000000E+000  0.000000000000000E+000  0.000000000000000E+000
  0.000000000000000E+000  0.000000000000000E+000  0.000000000000000E+000
  0.000000000000000E+000  0.000000000000000E+000  0.000000000000000E+000
  0.000000000000000E+000  0.000000000000000E+000  0.000000000000000E+000
  0.000000000000000E+000  0.000000000000000E+000  0.000000000000000E+000
  0.000000000000000E+000  0.000000000000000E+000  0.000000000000000E+000
  0.000000000000000E+000  0.000000000000000E+000  0.000000000000000E+000
  0.000000000000000E+000  0.000000000000000E+000  0.000000000000000E+000
  0.000000000000000E+000  0.000000000000000E+000  0.000000000000000E+000
  0.000000000000000E+000  0.000000000000000E+000  0.000000000000000E+000
  0.000000000000000E+000  0.000000000000000E+000  0.000000000000000E+000
  0.000000000000000E+000  0.000000000000000E+000  0.000000000000000E+000
  0.000000000000000E+000  0.000000000000000E+000  0.000000000000000E+000
  0.000000000000000E+000  0.000000000000000E+000  0.000000000000000E+000
  0.000000000000000E+000  0.000000000000000E+000  0.000000000000000E+000
  0.000000000000000E+000  0.000000000000000E+000  0.000000000000000E+000
  0.000000000000000E+000  0.000000000000000E+000  0.000000000000000E+000
  0.000000000000000E+000  0.000000000000000E+000  0.000000000000000E+000
  0.000000000000000E+000  0.000000000000000E+000  0.000000000000000E+000
  0.000000000000000E+000  0.000000000000000E+000  0.000000000000000E+000
  0.000000000000000E+000  0.000000000000000E+000  0.000000000000000E+000
  0.000000000000000E+000  0.000000000000000E+000  0.000000000000000E+000
  0.000000000000000E+000  0.000000000000000E+000  0.000000000000000E+000
  0.000000000000000E+000  0.000000000000000E+000  0.000000000000000E+000
  0.000000000000000E+000  0.000000000000000E+000  0.000000000000000E+000
  0.000000000000000E+000  0.000000000000000E+000  0.000000000000000E+000
  0.000000000000000E+000  0.000000000000000E+000  0.000000000000000E+000
  0.000000000000000E+000  0.000000000000000E+000  0.000000000000000E+000
  0.000000000000000E+000  0.000000000000000E+000  0.000000000000000E+000
  0.000000000000000E+000  0.000000000000000E+000  0.000000000000000E+000
  0.000000000000000E+000  0.000000000000000E+000  0.000000000000000E+000
  0.000000000000000E+000  0.000000000000000E+000  0.000000000000000E+000
  0.000000000000000E+000  0.000000000000000E+000  0.000000000000000E+000
  0.000000000000000E+000  0.000000000000000E+000  0.000000000000000E+000
  0.000000000000000E+000  0.000000000000000E+000  0.000000000000000E+000
  0.000000000000000E+000  0.000000000000000E+000  0.000000000000000E+000
  0.000000000000000E+000  0.000000000000000E+000  0.000000000000000E+000
  0.000000000000000E+000  0.000000000000000E+000  0.000000000000000E+000
   1.99592449643781       7.957156062927388E-002 -1.622976012848417E-003
 -3.752971259959101E-006 -9.166119968377614E-005  4.807393614964859E-003
  6.747266045103184E-006 -1.301711179958738E-003 -4.506763766971558E-003
  1.098175854212777E-004  5.208368145871465E-002  0.105168487721585     
 -2.142168830463957E-004  1.137239940816424E-002 -2.477896677820054E-004
 -0.119973489197673      -0.225124228243506       4.494535455599108E-004
  0.955272478725868       2.169453805370427E-002  4.648193875333835E-005
 -3.716482731253678E-003  0.131399052920910       1.574591119178538E-004
 -9.678554056779051E-002  9.458362493257472E-002  1.480636428407899E-003
  0.468261421678685       0.436077653120221      -5.926315052886893E-004
 -0.344896506241311      -2.998303558056187E-003 -0.840475579083734     
 -0.603713067466808       4.885643509457338E-004   1.99815243210769     
  9.280239852290914E-007  6.734988655030135E-004  4.996358257871718E-002
 -2.497191442365632E-005 -7.014811834628380E-003 -5.207078362415364E-002
 -1.341225758129982E-004 -5.609001540047000E-003  5.379747241682374E-003
  4.498794111186813E-007  9.188907480100786E-002  2.268264878471507E-004
  1.213858434215801E-002 -6.396211262724658E-003  2.400025104709108E-006
   1.99911477928213      -3.540978130838808E-006 -2.645115807057016E-005
  4.072142588769580E-002  1.908632559965791E-005  7.451713383778007E-005
 -5.387087861607204E-002  3.994733751124180E-007 -1.619852066554828E-004
 -1.763447005388444E-002 -1.006367379367734E-004  8.325920033310015E-002
  2.835912886726169E-006  2.021731114571701E-004  2.297637644408622E-002
   1.99748946083254      -7.100329467348141E-003  1.884178495819471E-005
  6.288405692636188E-002  7.850100307650619E-003 -3.485274333897669E-006
 -6.698042694896274E-002 -2.689507511739040E-003 -1.024862435494459E-004
 -1.052058195968495E-002  1.310009431313330E-005  9.529153003524511E-002
 -1.061279551226522E-002  2.203955203531256E-004  0.207665123306126     
 -3.192039936954385E-004 -7.409516394796109E-002  6.732842477429167E-002
  7.327222256056282E-005  0.125459506285790       0.120146483747520     
 -1.848045357873108E-005 -0.106572228621248      -1.141775886085717E-004
 -0.204482576838503      -0.195722020156119       9.160069908471043E-005
  0.208765510930417       4.390524272633615E-005  4.122076872617419E-004
 -0.197176006008669      -6.497778172066262E-005 -1.430777953126073E-003
 -0.134986662231070      -2.145985196090738E-004  0.199637881986281     
  2.769187003912033E-004  1.533210742277101E-003  0.152006565870780     
  0.262796335803663      -1.019760482618721E-002 -5.071646619987137E-005
 -0.492502553543613      -0.373303251997641       8.361439823681231E-004
  0.107933836854977       3.681804647588713E-004  0.632978110807848     
  0.466849079045865      -8.137231300830594E-004   2.09130207384151     
 -6.168779306469379E-003  0.814598840171392       0.720319750763999     
 -3.052189987266460E-003  -2.38427147087603       1.577783953996758E-002
  7.755840666338895E-002  -1.57237060012949       7.630916719612572E-003
   3.23045248799597      -4.988156902141293E-003  5.499988007089785E-003
  0.566943241197412       1.667458094748309E-002  -7.08543492856926     
  1.082200609759960E-002 -1.169508240201326E-002  -1.00743337989786     
   2.26036136423810        1.88366034893051      -6.602509364195781E-003
 -5.771863186929312E-002  9.764963588085956E-003  -4.30982624005707     
  -2.57717252111650       9.089917642516512E-003   3.41468135556119     
 -5.747650206726658E-003  -2.26989870192035      -1.464897775131402E-002
  -2.97633484557778       -6.73347864948301       7.913959725138583E-003
   2.08403697882581       1.043986989987384E-002  -1.16528390989900     
  1.049140016656741E-002  8.471746894496751E-003  -2.57855835699326     
   2.20696923322891      -1.161186279459640E-002   1.18919805405748     
   1.64734836898978      -5.957042726726138E-003   4.17757781672192     
 -7.513932701616615E-003  1.192401418380729E-002  0.640807207338941     
   2.70385151286902        3.07341856881025      -9.899071138974050E-003
   3.90581390328627      -5.925211488707149E-003   2.22916324835847     
   2.05065596194258      -0.311718142305752       5.362383178119807E-002
  4.896176666250988E-004  0.211923669370384      -8.964857397679997E-002
 -7.639434244466433E-004 -0.336482961850433       2.474542925185889E-002
 -4.397673488475713E-002 -3.484394355027455E-004 -0.158096512850586     
  2.083210502237106E-002  2.198080253218916E-004  0.103944520158810     
   2.60127547377765      -1.473309662596390E-004 -0.304035216999863     
  -1.90409445212662       1.419861065827226E-004  0.277279998690639     
   2.46838635182593       7.429517215971327E-004  1.393700521870697E-004
  -1.67118319005160      -9.028349950210338E-004   2.82382636817981     
  0.278552433900947      -9.064816108764110E-004  -2.45305820793454     
  0.382744887331808      -1.427421877692736E-004 -0.184422007254927     
  0.333788840866973       5.933691813895739E-004  0.583896301179283     
  0.000000000000000E+000  0.000000000000000E+000  0.000000000000000E+000
  0.000000000000000E+000  0.000000000000000E+000  0.000000000000000E+000
  0.000000000000000E+000  0.000000000000000E+000  0.000000000000000E+000
  0.000000000000000E+000  0.000000000000000E+000  0.000000000000000E+000
  0.000000000000000E+000  0.000000000000000E+000  0.000000000000000E+000
  0.000000000000000E+000  0.000000000000000E+000  0.000000000000000E+000
  0.000000000000000E+000  0.000000000000000E+000  0.000000000000000E+000
  0.000000000000000E+000  0.000000000000000E+000  0.000000000000000E+000
  0.000000000000000E+000  0.000000000000000E+000  0.000000000000000E+000
  0.000000000000000E+000  0.000000000000000E+000  0.000000000000000E+000
  0.000000000000000E+000  0.000000000000000E+000  0.000000000000000E+000
  0.000000000000000E+000  0.000000000000000E+000  0.000000000000000E+000
  0.000000000000000E+000  0.000000000000000E+000  0.000000000000000E+000
  0.000000000000000E+000  0.000000000000000E+000  0.000000000000000E+000
  0.000000000000000E+000  0.000000000000000E+000  0.000000000000000E+000
  0.000000000000000E+000  0.000000000000000E+000  0.000000000000000E+000
  0.000000000000000E+000  0.000000000000000E+000  0.000000000000000E+000
  0.000000000000000E+000  0.000000000000000E+000  0.000000000000000E+000
  0.000000000000000E+000  0.000000000000000E+000  0.000000000000000E+000
  0.000000000000000E+000  0.000000000000000E+000  0.000000000000000E+000
  0.000000000000000E+000  0.000000000000000E+000  0.000000000000000E+000
  0.000000000000000E+000  0.000000000000000E+000  0.000000000000000E+000
  0.000000000000000E+000  0.000000000000000E+000  0.000000000000000E+000
  0.000000000000000E+000  0.000000000000000E+000  0.000000000000000E+000
  0.000000000000000E+000  0.000000000000000E+000  0.000000000000000E+000
  0.000000000000000E+000  0.000000000000000E+000  0.000000000000000E+000
  0.000000000000000E+000  0.000000000000000E+000  0.000000000000000E+000
  0.000000000000000E+000  0.000000000000000E+000  0.000000000000000E+000
  0.000000000000000E+000  0.000000000000000E+000  0.000000000000000E+000
  0.000000000000000E+000  0.000000000000000E+000  0.000000000000000E+000
  0.000000000000000E+000  0.000000000000000E+000  0.000000000000000E+000
  0.000000000000000E+000  0.000000000000000E+000  0.000000000000000E+000
  0.000000000000000E+000  0.000000000000000E+000  0.000000000000000E+000
  0.000000000000000E+000  0.000000000000000E+000  0.000000000000000E+000
  0.000000000000000E+000  0.000000000000000E+000  0.000000000000000E+000
  0.000000000000000E+000  0.000000000000000E+000  0.000000000000000E+000
  0.000000000000000E+000  0.000000000000000E+000  0.000000000000000E+000
  0.000000000000000E+000  0.000000000000000E+000  0.000000000000000E+000
  0.000000000000000E+000  0.000000000000000E+000  0.000000000000000E+000
  0.000000000000000E+000  0.000000000000000E+000  0.000000000000000E+000
  0.000000000000000E+000  0.000000000000000E+000  0.000000000000000E+000
  0.000000000000000E+000  0.000000000000000E+000  0.000000000000000E+000
  0.000000000000000E+000  0.000000000000000E+000  0.000000000000000E+000
  0.000000000000000E+000  0.000000000000000E+000  0.000000000000000E+000
  0.000000000000000E+000  0.000000000000000E+000  0.000000000000000E+000
   2.04546290237428      -0.350972637370947      -1.101000019873539E-002
 -1.989714817723504E-004 -9.334576747134833E-002  1.378077608461158E-002
  3.463262384673519E-004  0.174608792464340       2.630778009986033E-002
  1.503279628377819E-003  1.846018123254639E-004  0.101447887135526     
  3.268705661050908E-003 -1.189497696276653E-004 -7.021490313075121E-002
   2.81593485125675      -7.060222008653896E-005  7.769702087108468E-002
  -2.26850989614962      -2.457512675606928E-005 -4.255231017756064E-002
   2.84927113023917      -4.562025675225660E-004 -2.300446206154568E-005
  -2.28024917956083       8.229838067660628E-005   2.69173942572111     
 -4.261148148913623E-002  8.497023975932887E-005  -2.20391105904019     
  0.485182410824114       1.093546637984311E-005  2.087964938272076E-002
  0.490532429396852      -1.318772194743324E-005  0.480374257357753     
  0.000000000000000E+000  0.000000000000000E+000  0.000000000000000E+000
  0.000000000000000E+000  0.000000000000000E+000  0.000000000000000E+000
  0.000000000000000E+000  0.000000000000000E+000  0.000000000000000E+000
  0.000000000000000E+000  0.000000000000000E+000  0.000000000000000E+000
  0.000000000000000E+000  0.000000000000000E+000  0.000000000000000E+000
  0.000000000000000E+000  0.000000000000000E+000  0.000000000000000E+000
  0.000000000000000E+000  0.000000000000000E+000  0.000000000000000E+000
  0.000000000000000E+000  0.000000000000000E+000  0.000000000000000E+000
  0.000000000000000E+000  0.000000000000000E+000  0.000000000000000E+000
  0.000000000000000E+000  0.000000000000000E+000  0.000000000000000E+000
  0.000000000000000E+000  0.000000000000000E+000  0.000000000000000E+000
  0.000000000000000E+000  0.000000000000000E+000  0.000000000000000E+000
  0.000000000000000E+000  0.000000000000000E+000  0.000000000000000E+000
  0.000000000000000E+000  0.000000000000000E+000  0.000000000000000E+000
  0.000000000000000E+000  0.000000000000000E+000  0.000000000000000E+000
  0.000000000000000E+000  0.000000000000000E+000  0.000000000000000E+000
  0.000000000000000E+000  0.000000000000000E+000  0.000000000000000E+000
  0.000000000000000E+000  0.000000000000000E+000  0.000000000000000E+000
  0.000000000000000E+000  0.000000000000000E+000  0.000000000000000E+000
  0.000000000000000E+000  0.000000000000000E+000  0.000000000000000E+000
  0.000000000000000E+000  0.000000000000000E+000  0.000000000000000E+000
  0.000000000000000E+000  0.000000000000000E+000  0.000000000000000E+000
  0.000000000000000E+000  0.000000000000000E+000  0.000000000000000E+000
  0.000000000000000E+000  0.000000000000000E+000  0.000000000000000E+000
  0.000000000000000E+000  0.000000000000000E+000  0.000000000000000E+000
  0.000000000000000E+000  0.000000000000000E+000  0.000000000000000E+000
  0.000000000000000E+000  0.000000000000000E+000  0.000000000000000E+000
  0.000000000000000E+000  0.000000000000000E+000  0.000000000000000E+000
  0.000000000000000E+000  0.000000000000000E+000  0.000000000000000E+000
  0.000000000000000E+000  0.000000000000000E+000  0.000000000000000E+000
  0.000000000000000E+000  0.000000000000000E+000  0.000000000000000E+000
  0.000000000000000E+000  0.000000000000000E+000  0.000000000000000E+000
  0.000000000000000E+000  0.000000000000000E+000  0.000000000000000E+000
  0.000000000000000E+000  0.000000000000000E+000  0.000000000000000E+000
  0.000000000000000E+000  0.000000000000000E+000  0.000000000000000E+000
  0.000000000000000E+000  0.000000000000000E+000  0.000000000000000E+000
  0.000000000000000E+000  0.000000000000000E+000  0.000000000000000E+000
  0.000000000000000E+000  0.000000000000000E+000  0.000000000000000E+000
  0.000000000000000E+000  0.000000000000000E+000  0.000000000000000E+000
  0.000000000000000E+000  0.000000000000000E+000  0.000000000000000E+000
  0.000000000000000E+000  0.000000000000000E+000  0.000000000000000E+000
  0.000000000000000E+000  0.000000000000000E+000  0.000000000000000E+000
  0.000000000000000E+000  0.000000000000000E+000  0.000000000000000E+000
  0.000000000000000E+000  0.000000000000000E+000  0.000000000000000E+000
  0.000000000000000E+000  0.000000000000000E+000  0.000000000000000E+000
   2.05208232850482      -0.337024420675946      -0.113033347928442     
 -2.315816484664941E-004 -6.863796607394426E-002  0.244913532587676     
  5.419897740815639E-004  0.140210473740788       2.652453021808291E-002
  0.151238448524916       3.442137113250203E-004  7.876956730981215E-002
 -8.991947893195090E-002 -1.875294752382914E-004 -4.168039121816086E-002
   2.65926480074072      -3.630110892302128E-004 -9.280762768804939E-002
  -2.06192907235671       4.071310813172480E-004 -1.382387482390524E-003
   2.68139774349378       4.304963830348589E-004  4.095243672503523E-004
  -2.24899824604542       6.748643004453461E-005   2.85558564802113     
 -1.124656308069147E-003  6.581820660944839E-005  -2.21171341824574     
  0.448741644557861      -2.501696995816779E-004  9.855944081697406E-003
  0.509291376215261      -8.828519438714886E-005  0.481371865385554     
  0.000000000000000E+000  0.000000000000000E+000  0.000000000000000E+000
  0.000000000000000E+000  0.000000000000000E+000  0.000000000000000E+000
  0.000000000000000E+000  0.000000000000000E+000  0.000000000000000E+000
  0.000000000000000E+000  0.000000000000000E+000  0.000000000000000E+000
  0.000000000000000E+000  0.000000000000000E+000  0.000000000000000E+000
  0.000000000000000E+000  0.000000000000000E+000  0.000000000000000E+000
  0.000000000000000E+000  0.000000000000000E+000  0.000000000000000E+000
  0.000000000000000E+000  0.000000000000000E+000  0.000000000000000E+000
  0.000000000000000E+000  0.000000000000000E+000  0.000000000000000E+000
  0.000000000000000E+000  0.000000000000000E+000  0.000000000000000E+000
  0.000000000000000E+000  0.000000000000000E+000  0.000000000000000E+000
  0.000000000000000E+000  0.000000000000000E+000  0.000000000000000E+000
  0.000000000000000E+000  0.000000000000000E+000  0.000000000000000E+000
  0.000000000000000E+000  0.000000000000000E+000  0.000000000000000E+000
  0.000000000000000E+000  0.000000000000000E+000  0.000000000000000E+000
  0.000000000000000E+000  0.000000000000000E+000  0.000000000000000E+000
  0.000000000000000E+000  0.000000000000000E+000  0.000000000000000E+000
  0.000000000000000E+000  0.000000000000000E+000  0.000000000000000E+000
  0.000000000000000E+000  0.000000000000000E+000  0.000000000000000E+000
  0.000000000000000E+000  0.000000000000000E+000  0.000000000000000E+000
  0.000000000000000E+000  0.000000000000000E+000  0.000000000000000E+000
  0.000000000000000E+000  0.000000000000000E+000  0.000000000000000E+000
  0.000000000000000E+000  0.000000000000000E+000  0.000000000000000E+000
  0.000000000000000E+000  0.000000000000000E+000  0.000000000000000E+000
  0.000000000000000E+000  0.000000000000000E+000  0.000000000000000E+000
  0.000000000000000E+000  0.000000000000000E+000  0.000000000000000E+000
  0.000000000000000E+000  0.000000000000000E+000  0.000000000000000E+000
  0.000000000000000E+000  0.000000000000000E+000  0.000000000000000E+000
  0.000000000000000E+000  0.000000000000000E+000  0.000000000000000E+000
  0.000000000000000E+000  0.000000000000000E+000  0.000000000000000E+000
  0.000000000000000E+000  0.000000000000000E+000  0.000000000000000E+000
  0.000000000000000E+000  0.000000000000000E+000  0.000000000000000E+000
  0.000000000000000E+000  0.000000000000000E+000  0.000000000000000E+000
  0.000000000000000E+000  0.000000000000000E+000  0.000000000000000E+000
  0.000000000000000E+000  0.000000000000000E+000  0.000000000000000E+000
  0.000000000000000E+000  0.000000000000000E+000  0.000000000000000E+000
  0.000000000000000E+000  0.000000000000000E+000  0.000000000000000E+000
  0.000000000000000E+000  0.000000000000000E+000  0.000000000000000E+000
  0.000000000000000E+000  0.000000000000000E+000  0.000000000000000E+000
  0.000000000000000E+000  0.000000000000000E+000  0.000000000000000E+000
  0.000000000000000E+000  0.000000000000000E+000  0.000000000000000E+000
  0.000000000000000E+000  0.000000000000000E+000  0.000000000000000E+000
  0.000000000000000E+000  0.000000000000000E+000  0.000000000000000E+000
  0.000000000000000E+000  0.000000000000000E+000  0.000000000000000E+000
  0.000000000000000E+000  0.000000000000000E+000  0.000000000000000E+000
   2.03720432120335      -0.329061487568541       6.359058299119292E-003
 -1.767243033770379E-004  9.096432263984398E-002 -5.272026696567913E-002
  9.818153176984262E-005 -0.152421155309066       2.470896164152922E-002
 -4.844761833311808E-002 -5.327543746584814E-005 -7.383288058423616E-002
  2.939882037777315E-002  2.424675465084138E-005  4.609701743294932E-002
   2.72963297569209      -3.255494561174826E-005  3.158558238010876E-002
  -2.19680921118084       2.640485285630699E-004 -3.856620497899864E-002
   2.74234505422620      -3.289472608485112E-004  2.659079845310668E-004
  -2.29987072163591       7.621518717119422E-004   2.58445196141170     
 -3.859509755060476E-002  7.646290239212401E-004  -1.78084337168613     
  0.479930381737981      -1.758678116853841E-004  3.832494717930437E-002
  0.520876181520937      -5.095150490459757E-004  0.343797699015146     
  0.000000000000000E+000  0.000000000000000E+000  0.000000000000000E+000
  0.000000000000000E+000  0.000000000000000E+000  0.000000000000000E+000
  0.000000000000000E+000  0.000000000000000E+000  0.000000000000000E+000
  0.000000000000000E+000  0.000000000000000E+000  0.000000000000000E+000
  0.000000000000000E+000  0.000000000000000E+000  0.000000000000000E+000
  0.000000000000000E+000  0.000000000000000E+000  0.000000000000000E+000
  0.000000000000000E+000  0.000000000000000E+000  0.000000000000000E+000
  0.000000000000000E+000  0.000000000000000E+000  0.000000000000000E+000
  0.000000000000000E+000  0.000000000000000E+000  0.000000000000000E+000
  0.000000000000000E+000  0.000000000000000E+000  0.000000000000000E+000
  0.000000000000000E+000  0.000000000000000E+000  0.000000000000000E+000
  0.000000000000000E+000  0.000000000000000E+000  0.000000000000000E+000
  0.000000000000000E+000  0.000000000000000E+000  0.000000000000000E+000
  0.000000000000000E+000  0.000000000000000E+000  0.000000000000000E+000
  0.000000000000000E+000  0.000000000000000E+000  0.000000000000000E+000
  0.000000000000000E+000  0.000000000000000E+000  0.000000000000000E+000
  0.000000000000000E+000  0.000000000000000E+000  0.000000000000000E+000
  0.000000000000000E+000  0.000000000000000E+000  0.000000000000000E+000
  0.000000000000000E+000  0.000000000000000E+000  0.000000000000000E+000
  0.000000000000000E+000  0.000000000000000E+000  0.000000000000000E+000
  0.000000000000000E+000  0.000000000000000E+000  0.000000000000000E+000
  0.000000000000000E+000  0.000000000000000E+000  0.000000000000000E+000
  0.000000000000000E+000  0.000000000000000E+000  0.000000000000000E+000
  0.000000000000000E+000  0.000000000000000E+000  0.000000000000000E+000
  0.000000000000000E+000  0.000000000000000E+000  0.000000000000000E+000
  0.000000000000000E+000  0.000000000000000E+000  0.000000000000000E+000
  0.000000000000000E+000  0.000000000000000E+000  0.000000000000000E+000
  0.000000000000000E+000  0.000000000000000E+000  0.000000000000000E+000
  0.000000000000000E+000  0.000000000000000E+000  0.000000000000000E+000
  0.000000000000000E+000  0.000000000000000E+000  0.000000000000000E+000
  0.000000000000000E+000  0.000000000000000E+000  0.000000000000000E+000
  0.000000000000000E+000  0.000000000000000E+000  0.000000000000000E+000
  0.000000000000000E+000  0.000000000000000E+000  0.000000000000000E+000
  0.000000000000000E+000  0.000000000000000E+000  0.000000000000000E+000
  0.000000000000000E+000  0.000000000000000E+000  0.000000000000000E+000
  0.000000000000000E+000  0.000000000000000E+000  0.000000000000000E+000
  0.000000000000000E+000  0.000000000000000E+000  0.000000000000000E+000
  0.000000000000000E+000  0.000000000000000E+000  0.000000000000000E+000
  0.000000000000000E+000  0.000000000000000E+000  0.000000000000000E+000
  0.000000000000000E+000  0.000000000000000E+000  0.000000000000000E+000
  0.000000000000000E+000  0.000000000000000E+000  0.000000000000000E+000
  0.000000000000000E+000  0.000000000000000E+000  0.000000000000000E+000
  0.000000000000000E+000  0.000000000000000E+000  0.000000000000000E+000
  0.000000000000000E+000  0.000000000000000E+000  0.000000000000000E+000
  0.000000000000000E+000  0.000000000000000E+000  0.000000000000000E+000
