  0.885613942150320      -0.150238598312169      -0.116832150069777     
  1.127818177753001E-004 -0.281033161025097       5.635022268491199E-003
 -9.891114406761805E-006  1.433266938979565E-002  8.927785058208933E-003
  6.631360730863633E-003 -2.850865756643002E-005  1.792059224610849E-002
 -5.079921403447542E-004  1.813389314135093E-006 -1.546835358873270E-003
   1.05018571146103       1.307786604623591E-003  0.201601629434659     
 -0.102120238767809      -7.159989947495631E-005 -1.340701323675542E-002
   1.08463624694053       1.012464047486055E-003 -7.137408470170622E-005
 -0.104645683819197      -5.926341498265850E-005   1.22587818475366     
 -1.334043293126109E-002 -5.962425655446587E-005 -0.122874338169881     
  2.883264894970160E-003  4.844328905743080E-006  9.985475027175746E-004
  2.934924583752213E-003  4.265470006042763E-006  3.617349680160594E-003
  0.000000000000000E+000  0.000000000000000E+000  0.000000000000000E+000
  0.000000000000000E+000  0.000000000000000E+000  0.000000000000000E+000
  0.000000000000000E+000  0.000000000000000E+000  0.000000000000000E+000
  0.000000000000000E+000  0.000000000000000E+000  0.000000000000000E+000
  0.000000000000000E+000  0.000000000000000E+000  0.000000000000000E+000
  0.000000000000000E+000  0.000000000000000E+000  0.000000000000000E+000
  0.000000000000000E+000  0.000000000000000E+000  0.000000000000000E+000
  0.000000000000000E+000  0.000000000000000E+000  0.000000000000000E+000
  0.000000000000000E+000  0.000000000000000E+000  0.000000000000000E+000
  0.000000000000000E+000  0.000000000000000E+000  0.000000000000000E+000
  0.000000000000000E+000  0.000000000000000E+000  0.000000000000000E+000
  0.000000000000000E+000  0.000000000000000E+000  0.000000000000000E+000
  0.000000000000000E+000  0.000000000000000E+000  0.000000000000000E+000
  0.000000000000000E+000  0.000000000000000E+000  0.000000000000000E+000
  0.000000000000000E+000  0.000000000000000E+000  0.000000000000000E+000
  0.000000000000000E+000  0.000000000000000E+000  0.000000000000000E+000
  0.000000000000000E+000  0.000000000000000E+000  0.000000000000000E+000
  0.000000000000000E+000  0.000000000000000E+000  0.000000000000000E+000
  0.000000000000000E+000  0.000000000000000E+000  0.000000000000000E+000
  0.000000000000000E+000  0.000000000000000E+000  0.000000000000000E+000
  0.000000000000000E+000  0.000000000000000E+000  0.000000000000000E+000
  0.000000000000000E+000  0.000000000000000E+000  0.000000000000000E+000
  0.000000000000000E+000  0.000000000000000E+000  0.000000000000000E+000
  0.000000000000000E+000  0.000000000000000E+000  0.000000000000000E+000
  0.000000000000000E+000  0.000000000000000E+000  0.000000000000000E+000
  0.000000000000000E+000  0.000000000000000E+000  0.000000000000000E+000
  0.000000000000000E+000  0.000000000000000E+000  0.000000000000000E+000
  0.000000000000000E+000  0.000000000000000E+000  0.000000000000000E+000
  0.000000000000000E+000  0.000000000000000E+000  0.000000000000000E+000
  0.000000000000000E+000  0.000000000000000E+000  0.000000000000000E+000
  0.000000000000000E+000  0.000000000000000E+000  0.000000000000000E+000
  0.000000000000000E+000  0.000000000000000E+000  0.000000000000000E+000
  0.000000000000000E+000  0.000000000000000E+000  0.000000000000000E+000
  0.000000000000000E+000  0.000000000000000E+000  0.000000000000000E+000
  0.000000000000000E+000  0.000000000000000E+000  0.000000000000000E+000
  0.000000000000000E+000  0.000000000000000E+000  0.000000000000000E+000
  0.000000000000000E+000  0.000000000000000E+000  0.000000000000000E+000
  0.000000000000000E+000  0.000000000000000E+000  0.000000000000000E+000
  0.000000000000000E+000  0.000000000000000E+000  0.000000000000000E+000
  0.000000000000000E+000  0.000000000000000E+000  0.000000000000000E+000
  0.000000000000000E+000  0.000000000000000E+000  0.000000000000000E+000
  0.000000000000000E+000  0.000000000000000E+000  0.000000000000000E+000
  0.000000000000000E+000  0.000000000000000E+000  0.000000000000000E+000
  0.000000000000000E+000  0.000000000000000E+000  0.000000000000000E+000
  0.000000000000000E+000  0.000000000000000E+000  0.000000000000000E+000
  0.970796412153043      -0.163525781172632       3.928717238391952E-002
  3.869387664081952E-005  4.906634375559028E-002 -8.420057510651650E-005
  3.779155527711690E-006 -6.549941987894600E-004  1.020617172754814E-002
  3.373648132022929E-003  1.341523670784792E-005  1.620334142865681E-003
 -4.450787855518101E-004 -1.363104220769124E-006 -1.072073857641095E-004
   1.30703396221157      -5.870215285874499E-004 -0.366520319979332     
 -0.131907864447486       3.516527943689277E-005  2.246796207470378E-002
   1.23801384931132      -1.705875045181397E-004  3.481095370850491E-005
 -0.123028327919516       2.059394683789548E-005   1.29647405570088     
  2.230769922740308E-002  2.035116823630165E-005 -0.124546448775831     
  3.955368966035536E-003 -2.458007801346131E-006 -1.659925026138133E-003
  3.590937467297715E-003 -1.758728926387657E-006  3.587676800723140E-003
  0.000000000000000E+000  0.000000000000000E+000  0.000000000000000E+000
  0.000000000000000E+000  0.000000000000000E+000  0.000000000000000E+000
  0.000000000000000E+000  0.000000000000000E+000  0.000000000000000E+000
  0.000000000000000E+000  0.000000000000000E+000  0.000000000000000E+000
  0.000000000000000E+000  0.000000000000000E+000  0.000000000000000E+000
  0.000000000000000E+000  0.000000000000000E+000  0.000000000000000E+000
  0.000000000000000E+000  0.000000000000000E+000  0.000000000000000E+000
  0.000000000000000E+000  0.000000000000000E+000  0.000000000000000E+000
  0.000000000000000E+000  0.000000000000000E+000  0.000000000000000E+000
  0.000000000000000E+000  0.000000000000000E+000  0.000000000000000E+000
  0.000000000000000E+000  0.000000000000000E+000  0.000000000000000E+000
  0.000000000000000E+000  0.000000000000000E+000  0.000000000000000E+000
  0.000000000000000E+000  0.000000000000000E+000  0.000000000000000E+000
  0.000000000000000E+000  0.000000000000000E+000  0.000000000000000E+000
  0.000000000000000E+000  0.000000000000000E+000  0.000000000000000E+000
  0.000000000000000E+000  0.000000000000000E+000  0.000000000000000E+000
  0.000000000000000E+000  0.000000000000000E+000  0.000000000000000E+000
  0.000000000000000E+000  0.000000000000000E+000  0.000000000000000E+000
  0.000000000000000E+000  0.000000000000000E+000  0.000000000000000E+000
  0.000000000000000E+000  0.000000000000000E+000  0.000000000000000E+000
  0.000000000000000E+000  0.000000000000000E+000  0.000000000000000E+000
  0.000000000000000E+000  0.000000000000000E+000  0.000000000000000E+000
  0.000000000000000E+000  0.000000000000000E+000  0.000000000000000E+000
  0.000000000000000E+000  0.000000000000000E+000  0.000000000000000E+000
  0.000000000000000E+000  0.000000000000000E+000  0.000000000000000E+000
  0.000000000000000E+000  0.000000000000000E+000  0.000000000000000E+000
  0.000000000000000E+000  0.000000000000000E+000  0.000000000000000E+000
  0.000000000000000E+000  0.000000000000000E+000  0.000000000000000E+000
  0.000000000000000E+000  0.000000000000000E+000  0.000000000000000E+000
  0.000000000000000E+000  0.000000000000000E+000  0.000000000000000E+000
  0.000000000000000E+000  0.000000000000000E+000  0.000000000000000E+000
  0.000000000000000E+000  0.000000000000000E+000  0.000000000000000E+000
  0.000000000000000E+000  0.000000000000000E+000  0.000000000000000E+000
  0.000000000000000E+000  0.000000000000000E+000  0.000000000000000E+000
  0.000000000000000E+000  0.000000000000000E+000  0.000000000000000E+000
  0.000000000000000E+000  0.000000000000000E+000  0.000000000000000E+000
  0.000000000000000E+000  0.000000000000000E+000  0.000000000000000E+000
  0.000000000000000E+000  0.000000000000000E+000  0.000000000000000E+000
  0.000000000000000E+000  0.000000000000000E+000  0.000000000000000E+000
  0.000000000000000E+000  0.000000000000000E+000  0.000000000000000E+000
  0.000000000000000E+000  0.000000000000000E+000  0.000000000000000E+000
  0.000000000000000E+000  0.000000000000000E+000  0.000000000000000E+000
  0.000000000000000E+000  0.000000000000000E+000  0.000000000000000E+000
  0.000000000000000E+000  0.000000000000000E+000  0.000000000000000E+000
  0.000000000000000E+000  0.000000000000000E+000  0.000000000000000E+000
   1.99592454262570       7.957032110407564E-002 -1.622264932223753E-003
 -3.367360265879913E-006 -9.018590166364824E-005  4.803727909233892E-003
  5.466951506157294E-006 -1.308733357816974E-003 -4.531926147845780E-003
  9.410489336698944E-005  5.205287368756044E-002  0.105224961612962     
 -2.425022326846309E-004  1.141357484917858E-002 -2.226740689140955E-004
 -0.119931420796165      -0.225232682694071       5.091130994627477E-004
  0.955338474672835       2.168555603785698E-002  3.832000689897552E-005
 -3.743574249323084E-003  0.131456012339497       1.007637120314253E-004
 -9.704691175446258E-002  9.462756374176054E-002  1.401242697265992E-003
  0.468077035394155       0.436181766831136      -7.606669022119746E-004
 -0.344505213577713      -2.885455820689611E-003 -0.840034551286056     
 -0.604018825917205       7.560122164010537E-004   1.99815280265198     
  8.857784138198385E-007  6.731746996097502E-004  4.996624429913467E-002
 -2.319752168031144E-005 -7.008010971306533E-003 -5.202415993036774E-002
 -1.142611736160585E-004 -5.592491652680776E-003  5.371101818625075E-003
  5.700468716595781E-007  9.181296707443844E-002  1.989231524975734E-004
  1.209741303959164E-002 -6.379861262041573E-003  1.861018583302467E-006
   1.99911608843513      -3.965391664443065E-006 -2.440665828313976E-005
  4.070616629058438E-002  2.284382713866559E-005  7.626063375935036E-005
 -5.382916603376702E-002 -2.537493771044969E-006 -1.529085019068814E-004
 -1.760309682538173E-002 -1.035291845147414E-004  8.318715802827874E-002
  5.884157550622898E-006  1.871295789090429E-004  2.292215265944010E-002
   1.99748982869315      -7.093514077122649E-003  2.257271941031571E-005
  6.287758201137134E-002  7.807133935132081E-003 -2.176819948378439E-006
 -6.690475970154913E-002 -2.748587356040087E-003 -8.201755800573359E-005
 -1.047102978132393E-002  9.905366078595644E-006  9.516869157188260E-002
 -1.054102498117217E-002  1.904787438144418E-004  0.207713916048792     
 -2.972078121829823E-004 -7.405037447570240E-002  6.737607122863239E-002
  2.025159079264378E-004  0.125401318508907       0.120249053610094     
 -5.413721608223216E-005 -0.106657559127157      -2.851305366007217E-004
 -0.204478347197524      -0.195872629176737       1.662163513852775E-004
  0.208787239635598       6.847390408341549E-005  4.186901632565981E-004
 -0.197221990423328      -1.104632299544209E-004 -1.443922665317023E-003
 -0.134864788389729      -2.236080596460389E-004  0.199670744911456     
  3.281456202271835E-004  1.560727395505852E-003  0.151782884923797     
  0.262818025311752      -1.081603503963515E-002 -8.810311958214031E-005
 -0.492551407347056      -0.374236236602930       9.811857163741014E-004
  0.108745920015949       4.280276454750211E-004  0.633144619362090     
  0.468044779232400      -1.038087732073189E-003   2.09173667743881     
 -5.832405439405788E-003  0.815016180486632       0.720876653195515     
 -3.196080051412823E-003  -2.38572741601466       1.520950637789123E-002
  7.680998189398096E-002  -1.57329785598502       7.953972866469110E-003
   3.23125001869907      -5.046122181699860E-003  5.910820181601672E-003
  0.567158687320633       1.604703643726452E-002  -7.08767057273255     
  1.077358823299173E-002 -1.217668256235605E-002  -1.00787877225058     
   2.26054902030888        1.88387003481766      -7.019085277329599E-003
 -5.854153118170366E-002  9.779141373404614E-003  -4.31033396371293     
  -2.57753055167297       9.664786472012594E-003   3.41521124759075     
 -6.352355756923164E-003  -2.27090934214372      -1.514790621771758E-002
  -2.97681042848500       -6.73476701967932       8.914313949671553E-003
   2.08452757952513       1.084386116988496E-002  -1.16569730494673     
  1.119848699116492E-002  9.442797495507822E-003  -2.57983638044193     
   2.20787999888464      -1.096759658591454E-002   1.19027449806963     
   1.64812500194816      -6.281141456149039E-003   4.17914231427058     
 -7.546111988753848E-003  1.241626217393211E-002  0.641342476046281     
   2.70411459794430        3.07380163516161      -1.066769003415802E-002
   3.90697298282530      -6.774849701930007E-003   2.22977810525918     
   2.05066358820256      -0.311702711778552       5.378122487466030E-002
  5.070081858333037E-004  0.212244530004231      -8.993020481665681E-002
 -8.122851005935038E-004 -0.336914160612261       2.474924234405834E-002
 -4.410876541757955E-002 -3.820901295734480E-004 -0.158247245113220     
  2.089096878287238E-002  2.329691030232223E-004  0.104038400863199     
   2.60122799308178      -2.356424349503755E-004 -0.304000715690832     
  -1.90409228539162       1.938317637769805E-004  0.277228085492718     
   2.46846449657108       8.053687615499528E-004  1.989442105450572E-004
  -1.67128059229344      -9.723413669311218E-004   2.82384850397607     
  0.278494608027754      -9.727834891790652E-004  -2.45308102805018     
  0.382750516164559      -1.728518456428331E-004 -0.184366041136597     
  0.333830321086815       6.350963688451182E-004  0.583942852248153     
  0.000000000000000E+000  0.000000000000000E+000  0.000000000000000E+000
  0.000000000000000E+000  0.000000000000000E+000  0.000000000000000E+000
  0.000000000000000E+000  0.000000000000000E+000  0.000000000000000E+000
  0.000000000000000E+000  0.000000000000000E+000  0.000000000000000E+000
  0.000000000000000E+000  0.000000000000000E+000  0.000000000000000E+000
  0.000000000000000E+000  0.000000000000000E+000  0.000000000000000E+000
  0.000000000000000E+000  0.000000000000000E+000  0.000000000000000E+000
  0.000000000000000E+000  0.000000000000000E+000  0.000000000000000E+000
  0.000000000000000E+000  0.000000000000000E+000  0.000000000000000E+000
  0.000000000000000E+000  0.000000000000000E+000  0.000000000000000E+000
  0.000000000000000E+000  0.000000000000000E+000  0.000000000000000E+000
  0.000000000000000E+000  0.000000000000000E+000  0.000000000000000E+000
  0.000000000000000E+000  0.000000000000000E+000  0.000000000000000E+000
  0.000000000000000E+000  0.000000000000000E+000  0.000000000000000E+000
  0.000000000000000E+000  0.000000000000000E+000  0.000000000000000E+000
  0.000000000000000E+000  0.000000000000000E+000  0.000000000000000E+000
  0.000000000000000E+000  0.000000000000000E+000  0.000000000000000E+000
  0.000000000000000E+000  0.000000000000000E+000  0.000000000000000E+000
  0.000000000000000E+000  0.000000000000000E+000  0.000000000000000E+000
  0.000000000000000E+000  0.000000000000000E+000  0.000000000000000E+000
  0.000000000000000E+000  0.000000000000000E+000  0.000000000000000E+000
  0.000000000000000E+000  0.000000000000000E+000  0.000000000000000E+000
  0.000000000000000E+000  0.000000000000000E+000  0.000000000000000E+000
  0.000000000000000E+000  0.000000000000000E+000  0.000000000000000E+000
  0.000000000000000E+000  0.000000000000000E+000  0.000000000000000E+000
  0.000000000000000E+000  0.000000000000000E+000  0.000000000000000E+000
  0.000000000000000E+000  0.000000000000000E+000  0.000000000000000E+000
  0.000000000000000E+000  0.000000000000000E+000  0.000000000000000E+000
  0.000000000000000E+000  0.000000000000000E+000  0.000000000000000E+000
  0.000000000000000E+000  0.000000000000000E+000  0.000000000000000E+000
  0.000000000000000E+000  0.000000000000000E+000  0.000000000000000E+000
  0.000000000000000E+000  0.000000000000000E+000  0.000000000000000E+000
  0.000000000000000E+000  0.000000000000000E+000  0.000000000000000E+000
  0.000000000000000E+000  0.000000000000000E+000  0.000000000000000E+000
  0.000000000000000E+000  0.000000000000000E+000  0.000000000000000E+000
  0.000000000000000E+000  0.000000000000000E+000  0.000000000000000E+000
  0.000000000000000E+000  0.000000000000000E+000  0.000000000000000E+000
  0.000000000000000E+000  0.000000000000000E+000  0.000000000000000E+000
  0.000000000000000E+000  0.000000000000000E+000  0.000000000000000E+000
  0.000000000000000E+000  0.000000000000000E+000  0.000000000000000E+000
  0.000000000000000E+000  0.000000000000000E+000  0.000000000000000E+000
  0.000000000000000E+000  0.000000000000000E+000  0.000000000000000E+000
  0.000000000000000E+000  0.000000000000000E+000  0.000000000000000E+000
  0.000000000000000E+000  0.000000000000000E+000  0.000000000000000E+000
  0.000000000000000E+000  0.000000000000000E+000  0.000000000000000E+000
   2.04546150720128      -0.350988453678055      -1.098385285628909E-002
 -1.809053625859306E-004 -9.325707972162067E-002  1.370489361340907E-002
  3.277834752530158E-004  0.174529459927578       2.630588164700455E-002
  1.452477553683416E-003  1.813363499657331E-004  0.101455932503232     
  3.289402231788774E-003 -1.181649045288231E-004 -7.020301125103577E-002
   2.81616681116485      -5.201427431486202E-005  7.776322415664470E-002
  -2.26903549624051      -2.318231747021229E-005 -4.267415753849770E-002
   2.84934677826477      -4.743240247211543E-004 -2.308045900985289E-005
  -2.28032156657362       9.062533989696257E-005   2.69162115614583     
 -4.273533695758631E-002  9.292606593113768E-005  -2.20367811024410     
  0.485337180476029       8.353750973946609E-006  2.095905717951062E-002
  0.490533871213721      -1.597134838247265E-005  0.480286662819616     
  0.000000000000000E+000  0.000000000000000E+000  0.000000000000000E+000
  0.000000000000000E+000  0.000000000000000E+000  0.000000000000000E+000
  0.000000000000000E+000  0.000000000000000E+000  0.000000000000000E+000
  0.000000000000000E+000  0.000000000000000E+000  0.000000000000000E+000
  0.000000000000000E+000  0.000000000000000E+000  0.000000000000000E+000
  0.000000000000000E+000  0.000000000000000E+000  0.000000000000000E+000
  0.000000000000000E+000  0.000000000000000E+000  0.000000000000000E+000
  0.000000000000000E+000  0.000000000000000E+000  0.000000000000000E+000
  0.000000000000000E+000  0.000000000000000E+000  0.000000000000000E+000
  0.000000000000000E+000  0.000000000000000E+000  0.000000000000000E+000
  0.000000000000000E+000  0.000000000000000E+000  0.000000000000000E+000
  0.000000000000000E+000  0.000000000000000E+000  0.000000000000000E+000
  0.000000000000000E+000  0.000000000000000E+000  0.000000000000000E+000
  0.000000000000000E+000  0.000000000000000E+000  0.000000000000000E+000
  0.000000000000000E+000  0.000000000000000E+000  0.000000000000000E+000
  0.000000000000000E+000  0.000000000000000E+000  0.000000000000000E+000
  0.000000000000000E+000  0.000000000000000E+000  0.000000000000000E+000
  0.000000000000000E+000  0.000000000000000E+000  0.000000000000000E+000
  0.000000000000000E+000  0.000000000000000E+000  0.000000000000000E+000
  0.000000000000000E+000  0.000000000000000E+000  0.000000000000000E+000
  0.000000000000000E+000  0.000000000000000E+000  0.000000000000000E+000
  0.000000000000000E+000  0.000000000000000E+000  0.000000000000000E+000
  0.000000000000000E+000  0.000000000000000E+000  0.000000000000000E+000
  0.000000000000000E+000  0.000000000000000E+000  0.000000000000000E+000
  0.000000000000000E+000  0.000000000000000E+000  0.000000000000000E+000
  0.000000000000000E+000  0.000000000000000E+000  0.000000000000000E+000
  0.000000000000000E+000  0.000000000000000E+000  0.000000000000000E+000
  0.000000000000000E+000  0.000000000000000E+000  0.000000000000000E+000
  0.000000000000000E+000  0.000000000000000E+000  0.000000000000000E+000
  0.000000000000000E+000  0.000000000000000E+000  0.000000000000000E+000
  0.000000000000000E+000  0.000000000000000E+000  0.000000000000000E+000
  0.000000000000000E+000  0.000000000000000E+000  0.000000000000000E+000
  0.000000000000000E+000  0.000000000000000E+000  0.000000000000000E+000
  0.000000000000000E+000  0.000000000000000E+000  0.000000000000000E+000
  0.000000000000000E+000  0.000000000000000E+000  0.000000000000000E+000
  0.000000000000000E+000  0.000000000000000E+000  0.000000000000000E+000
  0.000000000000000E+000  0.000000000000000E+000  0.000000000000000E+000
  0.000000000000000E+000  0.000000000000000E+000  0.000000000000000E+000
  0.000000000000000E+000  0.000000000000000E+000  0.000000000000000E+000
  0.000000000000000E+000  0.000000000000000E+000  0.000000000000000E+000
  0.000000000000000E+000  0.000000000000000E+000  0.000000000000000E+000
  0.000000000000000E+000  0.000000000000000E+000  0.000000000000000E+000
  0.000000000000000E+000  0.000000000000000E+000  0.000000000000000E+000
  0.000000000000000E+000  0.000000000000000E+000  0.000000000000000E+000
  0.000000000000000E+000  0.000000000000000E+000  0.000000000000000E+000
   2.05208334025782      -0.337009574316499      -0.113213096037143     
 -2.364026710411293E-004 -6.866320979988386E-002  0.245240634167730     
  5.502586036575674E-004  0.140261230184809       2.652401402124902E-002
  0.151409187812748       3.483869656676864E-004  7.880110116724001E-002
 -8.999372085015304E-002 -1.877591509380802E-004 -4.169893932770471E-002
   2.65920711983583      -3.552182498270935E-004 -9.265653010974995E-002
  -2.06186617456908       4.031578116601367E-004 -1.480324559429314E-003
   2.68140655221534       4.615401607254489E-004  4.001068810069277E-004
  -2.24887176379261       7.646490082389073E-005   2.85559075977130     
 -1.227490035157277E-003  7.209819557505787E-005  -2.21185715902250     
  0.448733278722567      -2.437028402731298E-004  9.922013162157304E-003
  0.509248377754135      -9.952141480994620E-005  0.481423118626956     
  0.000000000000000E+000  0.000000000000000E+000  0.000000000000000E+000
  0.000000000000000E+000  0.000000000000000E+000  0.000000000000000E+000
  0.000000000000000E+000  0.000000000000000E+000  0.000000000000000E+000
  0.000000000000000E+000  0.000000000000000E+000  0.000000000000000E+000
  0.000000000000000E+000  0.000000000000000E+000  0.000000000000000E+000
  0.000000000000000E+000  0.000000000000000E+000  0.000000000000000E+000
  0.000000000000000E+000  0.000000000000000E+000  0.000000000000000E+000
  0.000000000000000E+000  0.000000000000000E+000  0.000000000000000E+000
  0.000000000000000E+000  0.000000000000000E+000  0.000000000000000E+000
  0.000000000000000E+000  0.000000000000000E+000  0.000000000000000E+000
  0.000000000000000E+000  0.000000000000000E+000  0.000000000000000E+000
  0.000000000000000E+000  0.000000000000000E+000  0.000000000000000E+000
  0.000000000000000E+000  0.000000000000000E+000  0.000000000000000E+000
  0.000000000000000E+000  0.000000000000000E+000  0.000000000000000E+000
  0.000000000000000E+000  0.000000000000000E+000  0.000000000000000E+000
  0.000000000000000E+000  0.000000000000000E+000  0.000000000000000E+000
  0.000000000000000E+000  0.000000000000000E+000  0.000000000000000E+000
  0.000000000000000E+000  0.000000000000000E+000  0.000000000000000E+000
  0.000000000000000E+000  0.000000000000000E+000  0.000000000000000E+000
  0.000000000000000E+000  0.000000000000000E+000  0.000000000000000E+000
  0.000000000000000E+000  0.000000000000000E+000  0.000000000000000E+000
  0.000000000000000E+000  0.000000000000000E+000  0.000000000000000E+000
  0.000000000000000E+000  0.000000000000000E+000  0.000000000000000E+000
  0.000000000000000E+000  0.000000000000000E+000  0.000000000000000E+000
  0.000000000000000E+000  0.000000000000000E+000  0.000000000000000E+000
  0.000000000000000E+000  0.000000000000000E+000  0.000000000000000E+000
  0.000000000000000E+000  0.000000000000000E+000  0.000000000000000E+000
  0.000000000000000E+000  0.000000000000000E+000  0.000000000000000E+000
  0.000000000000000E+000  0.000000000000000E+000  0.000000000000000E+000
  0.000000000000000E+000  0.000000000000000E+000  0.000000000000000E+000
  0.000000000000000E+000  0.000000000000000E+000  0.000000000000000E+000
  0.000000000000000E+000  0.000000000000000E+000  0.000000000000000E+000
  0.000000000000000E+000  0.000000000000000E+000  0.000000000000000E+000
  0.000000000000000E+000  0.000000000000000E+000  0.000000000000000E+000
  0.000000000000000E+000  0.000000000000000E+000  0.000000000000000E+000
  0.000000000000000E+000  0.000000000000000E+000  0.000000000000000E+000
  0.000000000000000E+000  0.000000000000000E+000  0.000000000000000E+000
  0.000000000000000E+000  0.000000000000000E+000  0.000000000000000E+000
  0.000000000000000E+000  0.000000000000000E+000  0.000000000000000E+000
  0.000000000000000E+000  0.000000000000000E+000  0.000000000000000E+000
  0.000000000000000E+000  0.000000000000000E+000  0.000000000000000E+000
  0.000000000000000E+000  0.000000000000000E+000  0.000000000000000E+000
  0.000000000000000E+000  0.000000000000000E+000  0.000000000000000E+000
  0.000000000000000E+000  0.000000000000000E+000  0.000000000000000E+000
  0.000000000000000E+000  0.000000000000000E+000  0.000000000000000E+000
   2.03721173121075      -0.329089595980269       6.363495753979931E-003
 -1.402987027893391E-004  9.095171310246551E-002 -5.270192743432588E-002
  5.582567153665005E-005 -0.152441908465772       2.471094079532575E-002
 -4.843494120906271E-002 -6.383234512006373E-005 -7.386138466764236E-002
  2.939749355014251E-002  3.442674236793604E-005  4.610721287177739E-002
   2.72984347387949       3.746856650171503E-005  3.161599574853164E-002
  -2.19728294802285       1.804763995042954E-004 -3.863993996444057E-002
   2.74245359141235      -3.754359078855176E-004  1.827575794851597E-004
  -2.29990346518695       8.214333533748488E-004   2.58458019735867     
 -3.865673996592237E-002  8.201660283235239E-004  -1.78096821742914     
  0.480079147749327      -1.211106085378315E-004  3.837113200945605E-002
  0.520888967687743      -5.485111094401079E-004  0.343836058575420     
  0.000000000000000E+000  0.000000000000000E+000  0.000000000000000E+000
  0.000000000000000E+000  0.000000000000000E+000  0.000000000000000E+000
  0.000000000000000E+000  0.000000000000000E+000  0.000000000000000E+000
  0.000000000000000E+000  0.000000000000000E+000  0.000000000000000E+000
  0.000000000000000E+000  0.000000000000000E+000  0.000000000000000E+000
  0.000000000000000E+000  0.000000000000000E+000  0.000000000000000E+000
  0.000000000000000E+000  0.000000000000000E+000  0.000000000000000E+000
  0.000000000000000E+000  0.000000000000000E+000  0.000000000000000E+000
  0.000000000000000E+000  0.000000000000000E+000  0.000000000000000E+000
  0.000000000000000E+000  0.000000000000000E+000  0.000000000000000E+000
  0.000000000000000E+000  0.000000000000000E+000  0.000000000000000E+000
  0.000000000000000E+000  0.000000000000000E+000  0.000000000000000E+000
  0.000000000000000E+000  0.000000000000000E+000  0.000000000000000E+000
  0.000000000000000E+000  0.000000000000000E+000  0.000000000000000E+000
  0.000000000000000E+000  0.000000000000000E+000  0.000000000000000E+000
  0.000000000000000E+000  0.000000000000000E+000  0.000000000000000E+000
  0.000000000000000E+000  0.000000000000000E+000  0.000000000000000E+000
  0.000000000000000E+000  0.000000000000000E+000  0.000000000000000E+000
  0.000000000000000E+000  0.000000000000000E+000  0.000000000000000E+000
  0.000000000000000E+000  0.000000000000000E+000  0.000000000000000E+000
  0.000000000000000E+000  0.000000000000000E+000  0.000000000000000E+000
  0.000000000000000E+000  0.000000000000000E+000  0.000000000000000E+000
  0.000000000000000E+000  0.000000000000000E+000  0.000000000000000E+000
  0.000000000000000E+000  0.000000000000000E+000  0.000000000000000E+000
  0.000000000000000E+000  0.000000000000000E+000  0.000000000000000E+000
  0.000000000000000E+000  0.000000000000000E+000  0.000000000000000E+000
  0.000000000000000E+000  0.000000000000000E+000  0.000000000000000E+000
  0.000000000000000E+000  0.000000000000000E+000  0.000000000000000E+000
  0.000000000000000E+000  0.000000000000000E+000  0.000000000000000E+000
  0.000000000000000E+000  0.000000000000000E+000  0.000000000000000E+000
  0.000000000000000E+000  0.000000000000000E+000  0.000000000000000E+000
  0.000000000000000E+000  0.000000000000000E+000  0.000000000000000E+000
  0.000000000000000E+000  0.000000000000000E+000  0.000000000000000E+000
  0.000000000000000E+000  0.000000000000000E+000  0.000000000000000E+000
  0.000000000000000E+000  0.000000000000000E+000  0.000000000000000E+000
  0.000000000000000E+000  0.000000000000000E+000  0.000000000000000E+000
  0.000000000000000E+000  0.000000000000000E+000  0.000000000000000E+000
  0.000000000000000E+000  0.000000000000000E+000  0.000000000000000E+000
  0.000000000000000E+000  0.000000000000000E+000  0.000000000000000E+000
  0.000000000000000E+000  0.000000000000000E+000  0.000000000000000E+000
  0.000000000000000E+000  0.000000000000000E+000  0.000000000000000E+000
  0.000000000000000E+000  0.000000000000000E+000  0.000000000000000E+000
  0.000000000000000E+000  0.000000000000000E+000  0.000000000000000E+000
  0.000000000000000E+000  0.000000000000000E+000  0.000000000000000E+000
  0.000000000000000E+000  0.000000000000000E+000  0.000000000000000E+000
